3377
3474
3617
3761
3921
4040
4193
4346
4502
4664
4790
4948
5110
5265
5421
5532
5637
5757
5857
5830
5812
5780
5758
5727
5706
5675
5650
5626
5590
5568
5533
5498
5466
5445
5396
5356
5332
5299
5253
5215
5185
5145
5118
5146
5165
5192
5216
5244
5266
5300
5318
5342
5357
5376
5397
5426
5446
5462
5482
5504
5525
5546
5569
5604
5644
5686
5716
5751
5781
5813
5841
5871
5902
5925
5956
5988
6008
6027
6058
6088
6112
6145
6177
6204
6240
6263
6281
6321
6349
6375
6413
6435
6458
6492
6514
6531
6566
6594
6631
6667
6701
6741
6785
6820
6863
6900
6944
6971
7012
7044
7092
7121
7161
7192
7232
7271
7308
7340
7372
7409
7449
7462
7488
7512
7541
7566
7584
7610
7627
7648
7668
7683
7703
7727
7746
7761
7778
7798
7811
7832
7850
7867
7884
7904
7920
7938
7957
7974
7988
8000
8018
8029
8041
8057
8072
8086
8094
8107
8117
8125
8136
8143
8154
8160
8170
8179
8186
8191
8199
8206
8209
8214
8219
8226
8230
8235
8239
8242
8244
8247
8250
8252
8253
8255
8256
4606
4464
4388
4309
4235
4128
4041
3937
3846
3762
3657
3561
3458
3378
3285
3209
3136
3058
2989
2900
2812
2744
2671
2594
2526
2463
2379
2315
2233
2148
2064
1975
1886
1806
1728
1646
1570
1497
1423
1360
1286
1211
1157
1097
1051
1013
973
934
896
850
809
780
743
722
696
670
647
628
607
584
564
540
532
527
528
525
526
518
519
515
516
511
512
506
476
425
384
339
293
261
220
193
160
136
106
84
66
45
28
16
13
9
7
5
3
1
2
4
6
8
12
18
21
26
32
36
39
46
52
58
65
74
82
87
97
105
115
125
132
144
153
167
178
188
200
212
225
237
247
259
278
289
300
315
325
333
338
348
358
371
379
388
396
409
423
429
439
448
461
475
484
495
503
517
534
543
551
565
576
588
599
606
621
635
646
658
669
680
695
709
721
736
748
761
773
793
807
829
849
869
895
911
933
957
972
997
1020
1039
1063
1075
1096
1122
1138
1168
1198
1216
1241
1266
1290
1318
1344
1374
1394
1422
1443
1461
1490
1511
1528
1550
1578
1599
1617
1641
1659
1685
1708
1732
1756
1781
1801
1821
1844
1871
1893
1914
1933
1956
1988
2007
2024
2048
2075
2094
2121
2142
2166
2182
2205
2238
2259
2283
2303
2327
2357
2378
2400
2445
2501
2566
2626
2670
2742
2797
2853
2909
2973
3042
3114
3178
3243
3314
2312
2269
2226
2183
2138
2096
2057
2014
1979
1934
1898
1856
1819
1785
1750
1718
1682
1648
1619
1587
1555
1525
1496
1464
1440
1411
1387
1365
1336
1316
1399
1488
1577
1664
1758
1833
1913
1993
2080
2168
2252
2341
2453
2563
2673
2788
2904
3021
3148
3273
3407
3490
3574
3665
3752
3854
3949
3922
3883
3847
3819
3788
3745
3714
3688
3635
3582
3537
3493
3441
3398
3350
3305
3261
3214
3094
2977
2857
2746
2633
2522
2416
