12
511
355
186
468
115
209
711
313
282
707
8577
102
103
48
737
476
8580
9
767
299
204
509
381
739
652
437
114
247
799
487
798
156
272
458
646
78
200
215
689
494
779
365
148
290
407
366
661
640
37
5
630
116
699
382
136
723
322
756
438
700
8
8576
459
686
745
305
740
811
137
752
378
38
771
375
408
263
697
197
218
427
28
781
18
672
29
360
292
358
367
281
64
815
21
671
39
206
506
301
66
406
302
10
817
253
189
125
303
712
1
178
423
51
63
512
635
324
675
11
179
411
163
119
716
346
439
318
106
713
295
813
53
778
24
701
377
284
109
673
240
391
424
19
202
219
69
383
62
233
499
682
493
104
173
331
496
65
61
429
655
422
409
316
327
412
647
88
225
274
234
650
193
221
784
415
71
323
192
441
380
344
83
72
465
410
120
7
667
191
237
140
325
703
347
461
307
359
256
266
747
400
67
2
248
332
442
50
786
171
637
201
370
473
110
746
82
376
228
513
364
445
782
127
95
55
350
14
687
8579
252
260
223
227
296
732
17
298
288
241
757
16
158
246
212
264
390
683
777
790
446
138
801
258
165
754
806
470
691
401
808
483
753
748
91
96
659
351
796
97
742
74
495
803
312
684
131
818
211
484
86
775
345
402
182
810
471
789
162
181
76
636
714
229
762
100
343
455
444
297
336
58
394
255
133
677
26
670
353
195
167
84
395
113
643
13
633
326
268
249
134
45
787
3
764
147
432
216
814
475
766
98
153
774
289
231
416
802
176
433
486
731
146
230
75
123
60
397
685
157
430
474
154
389
503
770
40890
763
634
660
335
696
70
417
694
144
434
456
184
187
320
489
718
372
812
485
436
257
469
755
504
768
79
492
807
505
491
681
44
510
270
791
33
678
254
259
758
704
385
77
457
379
85
309
809
695
413
122
447
706
334
8581
164
31
783
203
721
222
267
371
642
464
271
773
121
698
333
800
428
420
664
57
142
317
166
46
15
668
374
132
94
657
35
797
414
56
198
89
239
663
349
490
386
759
245
780
743
129
348
143
665
81
638
304
224
354
705
500
662
639
467
804
692
769
715
190
729
399
674
722
339
172
820
419
306
285
54
368
795
479
311
220
180
702
772
236
42
648
194
34
291
728
174
440
821
118
726
384
87
68
741
280
308
688
108
482
126
478
632
744
235
352
792
43
286
139
805
151
477
177
497
226
823
819
508
669
217
651
199
398
421
724
481
498
27
294
141
277
319
676
788
472
822
8578
443
242
426
507
111
727
185
451
80
105
749
93
330
207
751
310
776
293
454
244
453
425
760
92
710
816
361
341
794
73
329
631
90
149
6
717
314
150
251
666
275
693
262
273
152
488
210
36
396
708
431
452
49
250
300
340
730
188
160
265
765
736
232
135
750
720
117
405
357
480
276
644
735
460
654
680
404
690
733
261
709
462
362
40
214
418
649
392
170
342
287
725
793
356
435
107
