583
1588
2155
1877
584
1943
93
1208
2156
1249
3333
923
3334
1866
713
1656
712
1863
94
1864
715
1666
714
1878
585
1870
2157
1658
716
1663
586
1652
718
1660
717
1649
587
1865
720
1655
719
1644
588
1653
2158
1661
723
1642
722
1654
721
1648
589
1868
731
1662
730
1643
729
1867
728
1665
727
1659
726
1650
725
1664
724
1657
2121
1545
2160
1279
2159
1284
590
1947
95
1875
2162
1871
2161
1591
591
1882
2163
1872
3323
1687
563
1845
631
1686
630
1684
3324
1513
564
1345
68
1935
2130
1847
2104
1841
632
1834
2105
1351
565
1361
633
1835
566
1518
635
1354
634
1512
567
1514
636
1355
69
1831
637
1689
3325
1342
638
1337
568
876
2132
1269
2131
878
569
1581
70
1843
2135
1839
2134
1683
2133
1846
639
1676
2106
1352
640
1517
570
1521
642
1346
641
1524
71
1685
645
1844
644
1688
643
1681
3326
1348
647
1526
646
1341
72
1933
3327
1343
648
1580
2136
1529
571
1678
73
1944
2138
1590
2137
1842
649
1679
3328
1528
650
1340
2103
1541
652
1531
651
1331
74
1333
2139
1536
75
1949
653
1854
76
1672
2140
1670
572
1851
654
1328
2107
1533
655
1539
2141
1334
77
1858
657
1336
656
1532
573
1339
662
1347
661
1335
660
1338
659
1530
658
1946
78
1677
663
1849
3329
1852
665
1538
664
1327
2108
1332
666
1534
79
1330
668
1537
667
1329
51991
1175
670
1171
669
1261
80
1856
673
1547
672
1540
671
1535
3330
1325
2164
913
742
1265
100
1316
2170
1558
732
1551
746
1556
745
1306
744
1315
743
1307
733
1317
3340
1213
747
871
101
1883
2171
1934
2165
1560
748
1557
734
1554
749
1312
3336
1216
750
874
2172
879
735
1304
2174
1221
2173
1308
736
1218
751
1257
102
1634
752
1640
103
1636
753
1631
104
1222
754
916
2166
1593
3337
1594
3341
1876
2175
1587
105
1938
2176
1884
755
1638
737
1888
757
1874
756
1635
2167
1651
759
1637
758
1886
3338
1553
762
1319
761
1310
760
1559
738
1303
766
1555
765
1305
764
1311
763
1582
106
1633
2168
1885
107
1632
108
1207
51992
1641
109
924
739
912
768
919
767
1219
2169
1948
110
1206
769
910
740
921
771
935
770
925
3339
1887
111
1639
741
1645
772
1881
99
1890
777
1625
776
1623
2178
1889
116
1624
114
895
778
898
2179
1630
3342
1892
779
1626
115
1226
787
899
786
911
785
900
784
904
783
907
782
1228
781
1223
780
909
775
902
790
1224
2180
1225
789
897
788
1229
151
1619
152
1621
153
1620
154
1895
155
1896
156
1628
2022
1894
163
1629
161
1893
165
1627
164
1622
2023
1891
4
1853
221
1861
220
1673
219
1862
218
1855
217
1668
216
1859
215
1671
214
1669
213
1850
212
1860
211
1857
210
1674
209
1667
208
1675
3313
1522
225
1350
224
1360
223
1349
222
1527
206
1356
227
1525
226
1516
5
1344
3314
1520
8
1523
229
1353
228
1515
6
1682
231
1837
2027
1680
230
1848
2026
1519
7
1836
240
1832
239
1840
238
1833
237
1694
236
1692
235
1829
234
1691
233
1697
232
1828
207
1818
269
1822
268
1707
267
1817
266
1821
265
1825
264
1703
263
1710
262
1824
2031
1820
271
1373
270
1374
260
1502
273
1501
272
1936
11
1708
277
1713
276
1819
275
1816
274
1709
2032
1699
279
1706
278
1712
261
1701
283
1704
282
1711
281
1702
280
1823
131
1928
145
1925
144
1596
143
1603
142
1598
141
1926
140
1597
132
1927
150
1922
149
1608
148
1914
147
1600
146
1920
2019
1469
395
1791
394
1745
393
1406
392
1466
391
1470
390
1405
389
1471
388
1467
387
1404
386
1468
385
1420
2059
1450
428
1442
34
1437
2058
1428
427
1422
426
1426
422
1446
430
1421
429
1425
423
1417
435
1451
434
1448
433
1430
432
1434
431
1441
424
1429
439
1433
438
1440
437
1435
436
1427
2057
1444
2060
1447
35
1439
33
1766
442
1770
441
1759
2062
1768
440
1776
2061
1453
425
1436
443
1773
2063
1432
3317
1443
40
1449
2069
1438
39
1431
447
1424
446
1445
445
1255
36
1753
444
1758
448
1778
2064
1774
451
1752
450
1757
2070
1754
449
1762
2065
1779
453
1777
452
1751
37
1756
455
1750
454
1780
2066
1761
457
1767
456
1772
38
1765
459
1755
458
1764
2067
1769
463
1760
462
1771
461
1763
460
1775
2068
1490
532
1485
531
1491
493
1460
497
1458
2083
1465
50
1459
501
1408
500
1414
499
1407
498
1461
2084
1464
2077
1413
483
1411
482
1098
481
1100
2078
1101
46
1456
484
1463
2079
873
47
1939
479
1749
485
1781
48
1785
2080
1782
487
1784
486
1788
480
1783
490
1786
489
1787
488
1932
49
1263
2081
1096
491
1056
2076
1748
496
1790
495
1789
2082
1747
494
1746
492
1813
2090
1717
539
1815
538
1716
537
1812
536
1814
535
1719
533
1809
545
1721
544
1811
543
1718
542
1722
541
1810
540
1720
2091
1377
534
1715
556
1714
2093
1298
823
1296
822
1564
821
1565
820
1295
819
1297
818
1294
817
1563
816
1293
815
1567
814
1566
119
1568
128
1908
2187
1910
825
1614
824
1615
3343
1570
828
1290
810
1291
830
1569
829
1571
811
1289
120
1610
839
1923
838
1916
837
1604
836
1613
835
1606
834
1612
833
1918
832
1915
831
1602
121
1917
843
1924
842
1605
841
1919
840
1912
2184
1611
122
1609
844
1599
2185
1607
123
1601
846
1913
845
1921
124
887
847
888
125
1292
3344
889
826
1241
2183
1909
827
1911
2181
1898
795
1904
794
1900
793
1897
117
1899
796
1618
792
1902
802
1907
801
1903
800
1901
799
1616
2182
1905
798
1617
797
1906
118
1237
809
1239
808
890
807
892
806
891
805
1238
804
1240
803
893
791
1259
857
881
856
1270
855
1254
854
1248
2186
1931
858
1937
126
1271
2190
1246
863
1264
2189
1244
129
1250
862
880
861
1258
860
872
859
1251
2188
1245
127
1274
866
1285
865
1577
864
1278
813
1287
870
1275
869
1574
868
1583
867
1575
812
1572
853
1288
852
1281
851
1576
850
1573
849
1286
848
1282
3321
1141
548
1006
547
1003
2092
1140
56
1004
546
1139
551
1144
550
1142
549
1143
57
1497
555
1376
554
1500
553
1498
552
1375
3318
1032
506
1028
505
1114
504
1030
51
1033
507
1473
2086
1039
502
1052
513
1044
512
1050
511
1104
510
1102
509
1109
508
1040
2085
1800
521
1739
520
1743
519
1799
518
1802
517
1804
516
1803
515
1737
514
1733
2087
1589
52
1256
522
1126
53
1396
524
1478
523
1481
2088
1474
3319
1133
525
1121
2089
1262
54
1476
526
1475
55
1394
528
1397
527
1393
503
1400
3320
1480
530
1399
529
1024
2071
1054
464
1094
466
1055
465
1085
2072
1095
467
1099
41
1057
42
1454
468
1462
2073
1097
2075
1093
43
1410
473
1415
472
1457
471
1455
470
1409
469
1412
2074
1078
475
1064
474
1267
44
1423
478
1452
477
1419
476
1416
45
1418
51990
1067
399
1088
398
1068
397
1058
396
1063
2054
1083
401
1089
400
1060
31
1086
409
1080
408
1092
407
1084
2056
1062
406
1090
405
1087
404
1069
403
1073
402
1079
2055
1091
421
1072
420
1065
419
1076
418
1061
32
1082
417
1059
416
1081
415
1070
414
1074
413
1066
412
1075
411
1077
410
1071
3315
1794
348
1792
347
1742
346
1796
345
1744
28
1741
351
1793
350
1795
349
1738
29
1046
364
1031
363
1113
362
1117
361
1110
360
1119
359
1116
358
1041
357
1034
356
1037
355
1118
354
1120
353
1038
352
1029
2053
875
30
1584
368
1472
367
1403
366
1401
365
1402
3316
1106
384
1051
383
1049
382
1047
381
1115
380
1108
379
1045
378
1053
377
1048
376
1105
375
1042
374
1036
373
1043
372
1111
371
1107
370
1103
369
1112
130
972
250
1166
249
974
248
982
247
968
246
983
245
1162
244
1151
243
1157
242
975
241
989
9
994
251
1159
2028
1165
10
1277
259
1508
2030
1364
258
1507
257
1359
256
1506
255
1510
254
1366
253
1504
2029
1367
252
1358
2017
1243
136
882
135
885
134
883
133
1247
2018
1930
138
1929
137
1595
1
886
139
884
2
1242
2016
1011
285
1008
2035
1138
12
1007
287
1009
286
1135
2033
1001
291
1145
290
1146
289
1005
288
999
284
1798
309
1732
310
1736
311
1734
312
1735
313
1740
13
1021
314
1122
315
1127
294
1022
316
1026
317
1015
318
1020
14
1124
319
1482
295
1479
320
1483
2044
1398
2036
1016
321
1014
2037
1129
322
1019
323
1132
296
1134
324
1130
2045
1018
15
1578
297
1585
325
1388
298
1391
26
1395
2046
1484
2038
1494
2047
1012
299
1010
326
1136
2039
1797
327
1801
300
1027
16
1023
328
1035
17
1025
18
1392
329
1477
2040
1123
19
1125
2041
1137
2042
1131
27
1128
2043
1017
20
1272
330
1013
301
1268
21
1808
2048
1380
331
1487
302
1492
332
1379
333
1489
303
1378
2049
1486
304
1381
334
1384
335
1493
336
1488
305
1387
337
1382
338
1389
22
1725
306
1729
339
1731
307
1386
340
1383
2050
1390
23
1727
341
1723
24
1728
342
1724
2051
1726
308
1806
2052
1385
25
1730
343
1805
344
1807
2034
1496
293
1499
292
1495
2025
1549
178
1217
177
931
176
946
174
1201
199
934
198
1204
197
960
196
930
195
1195
194
1202
193
1193
192
1210
191
1199
190
906
189
1200
188
920
187
1209
186
915
185
1211
184
1220
183
940
182
929
181
914
180
922
179
917
175
1192
205
1214
204
938
203
949
202
955
201
1205
200
947
2021
1230
173
1233
172
1231
171
1235
170
896
169
903
168
894
167
1236
166
1232
162
901
2024
1234
3
1561
160
1300
159
1301
158
1562
157
1299
2020
1227
773
908
2177
918
113
905
112
1318
774
1302
3331
1196
674
1177
2142
1173
81
945
676
957
675
966
2143
961
82
954
677
962
2109
1172
679
965
678
1178
574
964
2144
1174
557
1169
596
970
595
987
594
967
593
976
592
1252
558
1168
58
1273
2123
1362
597
1505
2122
1511
559
1368
2124
1357
3322
1154
601
1161
600
1149
599
984
598
1160
2094
1838
604
1693
603
1690
602
1941
59
1156
605
969
60
1365
606
1371
560
971
609
1163
608
1167
607
1153
2095
1164
611
990
610
978
561
1155
612
973
2125
1170
2096
1827
2126
1830
61
1826
96
1695
2127
1698
62
992
63
980
613
993
64
1370
2128
1000
2097
1147
65
996
616
1002
615
995
614
988
562
1152
619
981
618
1148
617
997
2098
979
621
991
620
998
2099
1696
622
1705
2100
1700
623
1940
66
986
625
977
624
1158
67
1509
629
1503
628
1363
627
1369
2129
1372
626
1150
2101
985
2102
1869
680
1873
575
1879
681
1586
2110
1646
2145
1950
682
1942
83
936
2147
926
2146
877
2111
1197
683
937
84
1579
2148
1322
2112
927
684
1187
85
1552
2149
1320
2113
1176
690
1183
689
956
688
1191
687
963
686
953
685
943
576
959
693
1188
692
952
691
1190
2114
951
694
1182
577
1186
97
1180
695
1253
86
1181
2115
958
697
944
696
932
2116
950
87
1321
2117
942
699
1194
698
948
578
941
700
1179
579
1184
703
1203
702
1215
701
928
580
1266
3335
1212
2150
1260
88
1546
581
1309
2151
1280
582
1945
2152
1313
704
1548
89
1647
706
1880
705
1314
3332
933
98
1326
708
1324
707
1542
90
1323
2153
1544
2118
1185
709
939
91
1543
2119
1550
711
1189
710
1198
92
1592
2120
1276
2154
1283
