1
29
47
67
86
105
123
140
158
175
192
212
235
255
278
300
319
343
364
386
407
429
448
470
491
512
533
554
574
594
613
629
650
668
688
690
696
697
693
698
695
692
691
699
709
721
719
723
724
720
718
717
716
714
728
746
765
784
801
820
839
856
876
895
914
935
954
973
993
1014
1031
1050
1069
1088
1105
1123
1144
1165
1183
1202
1222
1241
1259
1278
1297
1315
1333
1353
1376
1398
1420
1443
1462
1478
1501
1521
1544
1561
1580
1601
1620
1641
1659
1678
1695
1715
1727
1746
1766
1780
1798
1811
1829
1846
1863
1881
1898
1917
1933
1949
1967
1985
2004
2022
2040
2058
2076
2095
2114
2133
2152
2171
2190
2209
2227
2245
2262
2280
2300
2315
2330
2345
2352
2331
2316
2301
2281
2263
2246
2228
2210
2191
2172
2153
2134
2115
2096
2077
2059
2041
2023
2005
1986
1969
1951
1935
1918
1899
1883
1868
1850
1835
1820
1803
1789
1772
1755
1737
1721
1704
1690
1671
1656
1636
1616
1595
1576
1553
1532
1510
1490
1468
1451
1428
1405
1384
1367
1343
1324
1302
1284
1263
1244
1228
1207
1190
1170
1150
1129
1110
1089
1070
1051
1032
1010
990
970
951
931
915
896
877
857
840
821
802
783
764
744
725
707
689
671
652
632
612
591
572
550
530
511
494
476
460
443
427
405
384
366
344
324
302
280
258
236
214
193
174
152
137
121
104
88
71
54
36
21
2
