-235.735992 366.480896 0
-235.452240 388.071167 0
-235.255112 403.069885 0
-235.057983 418.068604 0
-234.860855 433.067291 0
-234.663742 448.066010 0
-234.466614 463.064697 0
-234.269485 478.063416 0
-234.072357 493.062103 0
-233.875229 508.060822 0
-233.717529 520.059753 0
-233.559830 532.058716 0
-233.402130 544.057678 0
-233.244431 556.056702 0
-233.086731 568.055664 0
-232.929031 580.054626 0
-232.771317 592.053589 0
-232.613617 604.052551 0
-232.455917 616.051514 0
-232.298218 628.050476 0
-225.014160 635.682678 0
-223.880098 396.087988 0
-222.659990 408.956700 0
-222.342297 423.912646 0
-222.012992 438.918886 0
-221.707450 453.935029 0
-221.474131 468.937646 0
-221.447677 483.829200 0
-220.741653 366.068939 0
-222.980442 509.726315 0
-222.619456 531.094055 0
-222.126112 555.861941 0
-220.977229 580.836310 0
-220.879625 608.738921 0
-221.865800 498.147764 0
-213.018082 635.376221 0
-216.586086 382.463293 0
-215.285414 518.018854 0
-214.212838 543.029158 0
-213.774092 568.313198 0
-209.978485 414.722140 0
-209.486652 429.742154 0
-209.020990 444.790133 0
-208.611067 459.832858 0
-208.030848 596.306668 0
-208.348014 474.900902 0
-208.746185 365.739380 0
-218.011853 625.367381 0
-209.448252 397.878840 0
-210.162899 504.344954 0
-208.662256 489.863793 0
-205.544571 529.341156 0
-205.041418 555.660305 0
-201.021988 635.069824 0
-205.275079 580.235017 0
-196.697075 513.548421 0
-198.798804 407.359244 0
-201.249309 380.933409 0
-197.140319 420.483233 0
-196.431961 435.625949 0
-195.241516 465.747827 0
-195.884630 450.686167 0
-201.395683 618.602215 0
-196.552636 542.161718 0
-195.498406 496.766275 0
-194.663007 481.195072 0
-193.751846 365.327423 0
-196.145492 569.231720 0
-187.914141 528.197562 0
-192.989161 394.629094 0
-189.025909 634.763367 0
-187.449817 555.367016 0
-187.455200 586.489119 0
-183.879527 503.194250 0
-187.468172 607.193232 0
-183.711766 426.367274 0
-183.359182 441.687545 0
-185.976576 379.562495 0
-182.657234 456.433926 0
-185.334493 622.776980 0
-178.944501 488.454415 0
-179.170688 541.379285 0
-181.301473 471.439915 0
-184.443422 409.083150 0
-178.616410 514.980243 0
-178.757507 364.915436 0
-177.891436 569.329389 0
-177.029816 634.456970 0
-178.024066 392.957858 0
-169.917238 554.445123 0
-170.844637 600.116718 0
-169.661753 502.226533 0
-171.755618 618.869939 0
-170.703688 447.580012 0
-166.852470 475.347320 0
-170.926137 527.780093 0
-169.472782 461.465298 0
-171.090687 378.612130 0
-170.782726 433.434377 0
-170.324590 403.895612 0
-166.546126 583.015676 0
-170.126647 417.891281 0
-162.647136 514.941789 0
-165.033722 634.150513 0
-163.763153 364.503479 0
-162.289712 540.331476 0
-160.784746 489.018546 0
-163.326955 391.965932 0
-157.651065 610.206737 0
-159.855580 567.434144 0
-161.012605 440.095614 0
-158.934395 623.190759 0
-158.387554 465.628546 0
-154.949104 526.859488 0
-156.699727 377.768515 0
-155.801163 426.988815 0
-154.204889 594.930111 0
-152.873443 552.838306 0
-155.710965 407.582079 0
-153.128916 502.779021 0
-153.037643 633.844116 0
-156.959764 452.368390 0
-151.767685 364.173859 0
-152.252598 476.085360 0
-145.934324 538.697963 0
-147.198376 618.884137 0
-149.045526 579.801754 0
-148.120086 390.982052 0
-150.834922 440.112291 0
-148.634615 515.036899 0
-146.425217 462.884654 0
-143.655171 417.520896 0
-143.901108 489.229805 0
-142.980129 605.253150 0
-142.887340 565.184776 0
-142.134222 376.375380 0
-141.041550 633.537659 0
-139.299504 524.382747 0
-141.913500 448.823222 0
-136.773346 363.761871 0
-138.638671 403.836395 0
-137.752151 626.249307 0
-138.180995 591.194080 0
-136.390275 550.949671 0
-137.198394 474.416527 0
-138.508822 432.293964 0
-133.181084 506.235212 0
-132.219432 388.368590 0
-132.843391 614.564259 0
-129.632320 416.911480 0
-132.624862 577.062649 0
-129.045471 633.231262 0
-129.842612 536.842715 0
-127.229660 373.200018 0
-131.872296 460.000263 0
-126.899220 486.861958 0
-126.909956 445.294567 0
-124.777870 363.432281 0
-127.818351 601.746540 0
-126.567887 563.036826 0
-123.297217 522.644197 0
-123.351124 623.436496 0
-122.509007 401.662145 0
-120.844110 430.422847 0
-121.877528 471.456888 0
-122.436386 588.381165 0
-114.694537 384.162236 0
-120.275337 549.116166 0
-116.057834 511.287829 0
-117.972310 611.821539 0
-114.287494 497.690293 0
-116.944433 457.146598 0
-113.658939 415.747077 0
-114.050362 632.848267 0
-112.782402 363.102722 0
-111.408051 443.101800 0
-116.662715 574.792551 0
-110.991821 482.168979 0
-113.902541 535.288477 0
-112.517062 599.274935 0
-106.225570 400.959850 0
-108.449765 621.907693 0
-107.399022 468.174509 0
-104.973409 429.209429 0
-103.606265 374.484109 0
-110.605041 561.135147 0
-107.545760 521.855439 0
-106.842493 586.231008 0
-102.868875 610.007098 0
-97.790866 415.337036 0
-102.236480 454.880023 0
-100.786926 362.773163 0
-99.055244 632.465271 0
-98.299524 387.368238 0
-98.907606 477.284381 0
-104.387109 547.469167 0
-102.016984 508.040487 0
-100.935096 572.928678 0
-96.572379 441.686235 0
-97.186993 597.475328 0
-93.408592 620.871994 0
-93.477294 466.145756 0
-89.593592 428.990146 0
-98.114167 533.833328 0
-94.843673 559.493435 0
-91.472016 375.019274 0
-90.416435 401.500095 0
-96.623980 491.580490 0
-91.347673 584.552406 0
-87.654888 453.061826 0
-87.694969 608.701138 0
-85.792587 362.361145 0
-91.934521 520.073549 0
-84.060135 632.082275 0
-86.082485 478.386880 0
-88.627955 545.980384 0
-83.600408 440.910960 0
-83.392669 388.097577 0
-81.899240 415.642559 0
-85.346870 571.392999 0
-81.875738 596.101802 0
-85.700864 505.794952 0
-78.331198 620.074155 0
-78.624178 465.130705 0
-82.335849 532.370909 0
-76.959342 375.039415 0
-78.434880 491.748151 0
-79.203311 558.086502 0
-74.906963 401.618714 0
-71.455023 449.662140 0
-75.931347 583.208077 0
-72.752699 431.190984 0
-72.515800 607.688784 0
-75.942994 518.589919 0
-70.798248 361.949127 0
-69.065033 631.699219 0
-70.470771 478.481350 0
-72.930624 544.668158 0
-68.312310 388.057483 0
-69.858962 570.119848 0
-65.956631 415.252435 0
-66.603257 595.004902 0
-69.300250 504.786240 0
-62.644165 465.098854 0
-63.251599 619.408343 0
-60.457280 440.109653 0
-66.513554 531.126149 0
-61.993389 374.761813 0
-62.476825 491.513388 0
-63.655277 556.902878 0
-59.480264 401.191017 0
-60.588329 582.104397 0
-59.921458 517.440261 0
-57.355624 606.856967 0
-55.803902 361.537170 0
-54.604216 479.069070 0
-56.338422 427.822425 0
-54.069923 631.316101 0
-57.294015 543.588560 0
-54.490831 452.194143 0
-53.151349 387.657756 0
-54.466963 569.060559 0
-50.382655 414.089653 0
-53.371147 503.689308 0
-51.378054 594.092501 0
-50.703336 530.153024 0
-48.180879 618.822766 0
-48.723211 491.369851 0
-47.273520 439.725414 0
-46.940026 374.341605 0
-48.219836 555.938503 0
-46.257124 466.117589 0
-44.186266 400.503862 0
-45.323142 581.172607 0
-43.743294 516.357856 0
-42.221239 606.141243 0
-41.231707 426.618774 0
-40.809563 361.125214 0
-41.785237 542.795881 0
-39.074814 630.933044 0
-38.005046 387.115324 0
-36.105030 500.735254 0
-38.889602 452.514650 0
-39.192641 568.166433 0
-37.092316 481.901250 0
-36.200862 593.301037 0
-35.005980 529.670603 0
-35.120934 413.195769 0
-32.259685 439.155376 0
-33.120520 618.289841 0
-31.881234 373.865530 0
-32.964019 555.167144 0
-29.855363 465.998265 0
-28.990270 399.811620 0
-30.141608 580.346603 0
-27.394207 516.527105 0
-24.267204 491.333659 0
-26.036090 425.782210 0
-27.107434 605.502971 0
-25.815220 360.713257 0
-26.564115 542.316624 0
-24.079706 630.550049 0
-24.073537 567.358829 0
-22.889162 386.538777 0
-23.229339 451.968209 0
-19.914448 412.419573 0
-21.055749 592.579059 0
-18.187507 504.055256 0
-19.874556 478.773990 0
-19.884400 529.940335 0
-18.066769 617.798782 0
-17.983734 554.481695 0
-16.832094 373.373381 0
-16.920779 438.391619 0
-13.818300 464.791977 0
-15.030195 579.540691 0
-13.836770 399.137737 0
-11.796173 541.907962 0
-10.820877 360.301270 0
-11.993713 604.928050 0
-10.103268 491.270101 0
-10.786840 424.975261 0
-11.474731 518.477676 0
-9.084598 630.166992 0
-7.656153 451.034577 0
-9.158122 566.499534 0
-7.796285 385.958297 0
-5.879938 591.885829 0
-4.139192 477.431746 0
-4.728954 411.669590 0
-7.104240 530.813585 0
-3.021372 617.365265 0
-1.575521 437.507532 0
-3.376345 553.698713 0
-1.792840 372.878398 0
0.105214 578.615730 0
1.289492 398.472341 0
1.821172 463.628682 0
0.188290 506.068298 0
3.156882 604.457704 0
5.634139 490.042784 0
4.440284 424.147791 0
4.173464 359.889313 0
5.910512 629.783997 0
5.385650 565.353195 0
4.106722 540.263955 0
7.278246 385.379740 0
7.766798 450.001038 0
3.504356 523.539367 0
9.522035 591.225992 0
11.483421 476.170302 0
10.424070 410.922068 0
11.943916 617.066955 0
13.238090 372.384157 0
15.062803 500.631825 0
13.688718 436.571603 0
9.163341 553.746892 0
15.773751 577.232181 0
17.272348 462.429572 0
16.389585 397.811856 0
18.360754 604.296052 0
21.292942 488.772603 0
18.432476 531.131763 0
19.167805 359.477295 0
19.609106 423.309604 0
20.905622 629.401001 0
16.854901 514.558688 0
23.035945 448.918388 0
22.337249 384.804650 0
19.787066 562.379381 0
25.603442 590.901388 0
27.002956 474.806149 0
26.346894 617.108679 0
25.536955 410.179671 0
19.897779 547.090443 0
28.844782 435.623507 0
28.262766 371.891477 0
32.595172 522.273737 0
32.511019 461.141554 0
31.466203 397.158365 0
33.584470 605.037394 0
31.329860 503.789021 0
34.225924 574.961397 0
32.901711 629.094604 0
37.231112 487.284793 0
34.162144 359.065308 0
34.711760 422.482544 0
34.262233 555.947195 0
37.385483 384.233545 0
33.620038 539.138743 0
38.122171 447.827869 0
42.145753 592.687912 0
40.382074 617.766633 0
42.216493 473.128240 0
40.615288 409.451966 0
47.306959 514.276175 0
43.284454 371.399662 0
43.893595 434.709137 0
49.527922 564.538943 0
48.953556 498.824510 0
48.663778 607.484235 0
47.408254 459.827497 0
46.528838 396.513671 0
48.506309 547.632430 0
47.896820 628.711548 0
52.583628 484.476769 0
49.156487 358.653351 0
48.017182 530.825720 0
49.765389 421.690109 0
52.472780 581.094594 0
53.033461 446.830875 0
52.431107 383.663999 0
52.897244 619.172848 0
59.378915 507.927892 0
56.556658 471.321610 0
55.678673 408.744526 0
63.099644 555.796449 0
58.320320 596.678461 0
58.307717 370.905542 0
62.507898 539.609159 0
58.879535 433.876268 0
65.887766 495.276696 0
61.593584 395.873352 0
62.005842 458.801240 0
63.563514 522.095407 0
64.598113 571.851822 0
62.891926 628.328552 0
64.654130 481.111324 0
64.150826 358.241394 0
64.810109 420.942730 0
64.651134 613.579784 0
67.484888 383.087503 0
67.888526 446.024279 0
75.710707 547.837296 0
70.470303 470.670813 0
66.017026 585.886887 0
71.183437 509.232750 0
70.756257 408.050028 0
76.152330 533.531336 0
73.337746 370.401807 0
73.883909 433.133621 0
77.749081 563.362808 0
74.888016 628.022095 0
76.677167 458.215187 0
76.679816 395.221858 0
80.400808 519.349150 0
75.971061 599.362683 0
79.145172 357.829407 0
77.773313 483.880627 0
78.925800 616.023173 0
79.894994 420.224910 0
85.482356 541.451911 0
78.724186 580.473926 0
86.689930 501.577321 0
82.558043 382.485952 0
82.850754 445.365341 0
85.878656 407.344145 0
89.255621 530.908584 0
85.156501 470.776794 0
86.884102 627.715698 0
89.279447 553.327928 0
88.379150 369.874489 0
88.978888 432.436856 0
92.235593 611.442941 0
92.926135 591.478292 0
95.567654 518.817814 0
91.805963 394.528715 0
91.692796 457.730383 0
95.088412 570.935017 0
94.139511 357.417450 0
95.061174 419.500697 0
93.785555 483.949359 0
97.021706 541.701661 0
97.659522 381.826633 0
97.984386 444.723115 0
98.880188 627.409241 0
100.919440 530.660173 0
101.072468 406.585906 0
104.634175 554.727572 0
100.544130 470.290345 0
105.959685 507.741131 0
103.434247 369.297928 0
108.943604 584.683445 0
106.599711 601.995658 0
105.465133 616.128567 0
104.198434 431.736595 0
102.971475 494.466252 0
106.985905 393.742889 0
113.372729 568.533576 0
106.947243 457.082918 0
109.133850 357.005432 0
112.571389 539.186305 0
110.343089 418.729132 0
110.876274 627.102844 0
110.191683 522.733319 0
112.792638 381.052613 0
109.585077 482.776495 0
113.240351 444.051543 0
118.735915 612.697801 0
120.483977 554.723816 0
116.358869 405.712414 0
118.500105 368.621863 0
116.103644 469.495029 0
119.583499 431.035089 0
118.845312 496.342032 0
121.297312 595.558099 0
124.641973 527.477958 0
126.712199 566.539434 0
121.503964 512.571715 0
122.224531 392.782335 0
122.872360 626.796387 0
124.128197 356.593445 0
122.122589 456.271301 0
124.386342 579.624990 0
125.783668 417.851639 0
125.269230 482.180315 0
130.123897 542.335123 0
127.950219 380.064120 0
131.097067 616.626895 0
128.608581 443.518098 0
133.704371 518.014278 0
131.742293 404.620086 0
135.504388 557.058385 0
132.947800 604.685045 0
133.560697 367.727151 0
132.160666 468.429948 0
130.946463 491.551334 0
135.327765 430.373625 0
139.772490 530.074077 0
137.751221 625.471313 0
137.515648 391.529141 0
136.178425 589.678166 0
139.122543 356.181488 0
139.825435 572.781352 0
135.695160 503.174668 0
135.679952 455.106833 0
141.345947 416.680895 0
143.180325 613.487718 0
143.106248 378.688911 0
147.785710 545.529426 0
146.921638 516.811201 0
145.700090 444.320639 0
148.111180 560.472422 0
147.223610 403.196374 0
147.203860 600.071688 0
143.984124 484.543413 0
148.556014 366.221163 0
155.474517 530.316015 0
150.945599 428.878426 0
152.618011 623.513184 0
151.419889 585.364460 0
149.811911 463.035434 0
152.845175 389.846181 0
153.934052 353.945618 0
153.976660 502.444962 0
157.051955 415.200380 0
156.481900 570.758772 0
164.561793 542.230701 0
157.467506 610.563118 0
162.923034 516.883126 0
158.208164 376.760208 0
159.531895 438.944977 0
160.972071 556.255596 0
160.517345 475.880844 0
162.036702 596.661798 0
162.838936 401.328612 0
163.510089 489.711390 0
163.403487 364.030277 0
159.998337 450.436560 0
170.900112 530.400247 0
166.716412 427.786068 0
167.513214 621.745422 0
166.804484 582.250333 0
168.737793 351.529205 0
168.176491 387.592963 0
170.840332 503.585271 0
172.256995 607.903650 0
173.240195 413.360940 0
171.773111 567.447964 0
175.120625 539.791504 0
173.159958 374.193518 0
170.650475 462.580045 0
177.135672 551.117269 0
177.075763 593.826766 0
174.637813 479.565821 0
174.300582 443.332469 0
177.824064 361.537254 0
178.494339 398.796786 0
177.116365 492.284251 0
179.441518 517.773653 0
182.297409 619.273560 0
182.051678 579.455392 0
183.510409 384.647699 0
183.635834 350.049561 0
187.155759 605.355431 0
187.208021 564.866832 0
187.767257 455.015875 0
187.896873 535.432851 0
188.088905 502.445507 0
187.835610 370.601837 0
187.527395 470.831893 0
192.437166 551.817773 0
196.016128 517.920246 0
185.228499 427.028622 0
192.157608 591.341792 0
190.214163 441.569493 0
189.109841 410.048226 0
188.515058 486.137979 0
190.170920 358.823122 0
194.088284 395.819380 0
197.303426 577.009437 0
197.037567 616.544678 0
198.517502 348.406586 0
202.795278 506.143253 0
202.562127 562.366235 0
201.913836 493.301697 0
204.749713 529.349746 0
202.130781 448.512693 0
202.113720 603.245591 0
199.305955 380.893236 0
201.784519 463.293739 0
207.396779 545.317681 0
207.254018 589.164344 0
201.816841 478.423680 0
201.373110 419.152415 0
201.645347 433.976806 0
203.041076 363.522723 0
202.233277 406.148636 0
210.516495 348.562836 0
213.140105 516.395264 0
212.599303 574.870350 0
212.006714 615.709106 0
214.828939 500.668256 0
218.442675 560.325201 0
215.449596 486.010538 0
215.625114 441.227078 0
215.484739 376.381380 0
217.075146 601.360844 0
219.312040 531.694595 0
215.751126 456.012059 0
214.719835 411.339650 0
219.455423 360.994125 0
215.301202 426.388184 0
215.719223 470.985983 0
211.874145 394.394390 0
222.283470 587.162647 0
226.395314 546.250659 0
227.221181 520.772918 0
227.761909 573.200184 0
225.446304 347.542267 0
227.074358 508.233089 0
226.871246 613.697632 0
230.415071 371.470670 0
228.612556 493.939489 0
229.546620 448.635158 0
233.954519 559.952867 0
231.926092 599.187610 0
229.066707 418.794384 0
228.815746 387.017996 0
229.704061 463.431918 0
229.377076 433.851034 0
228.469629 403.170481 0
229.815410 478.758468 0
231.828364 358.486876 0
237.092609 585.195636 0
236.984298 532.091069 0
239.606685 515.457750 0
240.411835 347.128662 0
239.048994 502.174350 0
242.210111 571.698173 0
241.544037 610.760803 0
243.449919 455.818769 0
243.374271 441.479185 0
243.412945 365.299562 0
243.157426 396.048910 0
243.349030 426.590679 0
243.492601 380.646600 0
242.296126 548.129177 0
243.945840 470.390516 0
243.183086 411.433779 0
246.633952 560.117752 0
245.467601 487.801950 0
246.694254 596.949255 0
251.243493 538.302820 0
251.687667 582.977722 0
252.831184 524.036083 0
254.492099 505.444992 0
255.376801 346.103973 0
256.408417 608.754272 0
256.797241 359.543213 0
257.005646 461.489929 0
257.124603 449.490509 0
257.361328 404.505280 0
256.140553 568.746909 0
257.398987 434.493317 0
257.532318 374.522247 0
257.621704 389.521973 0
257.694061 419.496338 0
258.235413 475.046814 0
264.130029 488.864916 0
258.578432 552.063396 0
261.510688 594.820056 0
265.537839 535.196674 0
266.485153 580.457068 0
269.134140 517.726442 0
271.236179 502.057584 0
271.292297 606.891724 0
271.257821 565.168197 0
273.141510 473.943085 0
276.952483 548.783745 0
276.500058 592.890420 0
284.498038 530.268870 0
286.218396 509.356051 0
282.174622 353.231049 0
281.820923 578.139147 0
282.628906 368.154602 0
282.881683 383.081818 0
282.942047 398.061768 0
283.492676 454.964600 0
283.569550 413.023346 0
283.893951 469.950806 0
282.211475 488.896859 0
283.990967 439.978638 0
284.508972 427.989807 0
286.227631 605.829163 0
287.578258 562.818930 0
294.274035 547.186481 0
288.668793 344.964447 0
291.667058 591.205185 0
297.086581 520.527787 0
296.644410 496.970840 0
293.945169 357.678645 0
296.034762 373.145293 0
297.069526 403.983373 0
296.514938 388.780991 0
297.802029 447.790561 0
297.611413 419.012009 0
297.443273 576.294652 0
297.783913 433.417245 0
302.292548 533.105245 0
298.357321 463.125963 0
302.724784 509.044979 0
300.219007 481.135925 0
301.136047 604.549622 0
303.728685 561.340791 0
303.665894 344.972198 0
309.704375 520.864068 0
306.877436 589.527747 0
310.602078 546.800851 0
309.738670 379.572082 0
310.419926 394.843315 0
311.774412 455.004189 0
311.355459 410.181004 0
311.850513 496.421550 0
311.376780 425.479796 0
312.992554 574.735458 0
311.409026 440.255289 0
310.497265 361.604707 0
312.958954 469.912054 0
314.848356 510.130639 0
315.615438 482.675954 0
317.596968 532.983332 0
319.488343 560.207671 0
315.996002 602.638489 0
318.665802 344.971771 0
322.032285 587.742688 0
321.326848 386.207775 0
323.633318 372.853204 0
323.681776 519.393089 0
325.139623 417.433740 0
324.756141 447.260486 0
326.238186 545.981223 0
324.952567 432.584682 0
328.389702 573.298613 0
326.507290 400.338555 0
326.619420 490.064533 0
325.355827 461.685714 0
326.426374 475.849025 0
326.282279 504.930931 0
327.794265 358.041423 0
333.067735 531.755972 0
334.983953 559.088695 0
330.801544 600.246033 0
333.654907 344.707642 0
337.387050 440.076276 0
340.593297 515.695383 0
337.138611 586.009508 0
336.999002 411.015552 0
336.108429 368.261150 0
341.694549 545.051147 0
339.633893 425.010370 0
337.646115 453.964398 0
336.328130 383.435632 0
338.562996 468.131164 0
340.099494 497.883729 0
339.438170 482.630859 0
343.705924 572.007420 0
344.202511 355.851944 0
348.604144 531.433353 0
343.968645 399.260588 0
345.574799 343.323395 0
345.643127 598.075745 0
357.781697 519.813058 0
348.128895 435.131439 0
350.390675 557.986404 0
348.578184 371.126780 0
349.732427 413.042193 0
352.260728 584.686508 0
354.634381 504.662173 0
349.188292 446.516511 0
353.024136 489.324388 0
350.611622 460.125991 0
351.887628 474.539841 0
356.885177 544.062684 0
357.269703 360.619220 0
354.161760 386.008454 0
355.077371 425.800909 0
359.074315 570.975137 0
361.602584 532.225066 0
360.432831 344.886505 0
360.537201 596.967163 0
359.341248 438.263353 0
363.389299 372.589527 0
366.002259 556.734626 0
369.529230 509.996258 0
360.067599 401.732200 0
361.995661 451.549828 0
367.466309 584.084369 0
366.771931 495.267293 0
364.371925 466.065793 0
369.740333 358.644366 0
371.723150 524.871630 0
365.302920 480.971253 0
373.017466 540.948305 0
370.977326 427.926270 0
372.624135 387.914342 0
362.628756 415.444910 0
374.621376 570.352574 0
375.424622 344.974792 0
375.527924 597.490479 0
370.657415 442.669187 0
377.950060 371.230608 0
382.025062 556.085110 0
383.162648 530.448600 0
385.240766 515.804955 0
377.781951 455.672124 0
382.776898 584.035033 0
381.015666 499.566697 0
378.632840 473.548884 0
383.968993 357.569206 0
377.113841 487.092973 0
377.270305 408.734113 0
386.103314 381.000379 0
390.383759 570.203029 0
389.719274 542.215765 0
390.383392 344.204041 0
390.522430 597.896118 0
383.170424 439.947293 0
389.405491 394.117260 0
396.108521 528.408048 0
391.861478 369.673095 0
388.666649 424.641860 0
392.243696 450.557958 0
393.592807 503.128729 0
398.139696 584.184684 0
393.373907 465.384267 0
398.405262 556.059948 0
393.832779 486.121066 0
398.447164 356.692223 0
398.660496 382.075083 0
396.494256 409.378412 0
405.593276 541.350335 0
401.543231 514.225375 0
406.333712 570.503371 0
398.668534 438.233262 0
405.301117 342.872406 0
405.516052 597.930908 0
406.025257 369.478734 0
405.391176 423.648643 0
405.257800 395.614280 0
411.385129 526.411397 0
406.320432 499.935380 0
413.305045 584.540989 0
416.374310 556.006534 0
408.201013 453.567425 0
409.527069 472.854549 0
413.135419 356.359952 0
411.061098 487.475822 0
413.289955 382.577903 0
412.946853 409.530279 0
416.600692 511.674392 0
421.393006 572.028037 0
414.308847 437.054585 0
421.562256 539.007053 0
420.292419 343.315765 0
420.508453 597.453125 0
420.742547 369.502239 0
420.724673 396.021071 0
429.264499 562.628230 0
421.276224 496.999958 0
422.914582 447.793930 0
426.894200 523.812361 0
427.938846 585.147290 0
424.332315 481.480626 0
427.996331 356.302586 0
426.337318 463.114633 0
428.307985 382.787747 0
421.231672 423.071480 0
428.552296 409.464654 0
432.171933 508.673444 0
432.064581 550.474590 0
435.140227 573.344821 0
437.055827 535.994515 0
435.192291 343.113312 0
435.446045 597.824402 0
429.414896 436.031696 0
437.153132 492.773834 0
435.685276 369.514785 0
435.966821 396.166326 0
442.579329 521.123000 0
441.348377 561.290633 0
436.285221 449.217026 0
441.839726 585.693809 0
440.616478 475.680664 0
448.513536 505.668832 0
443.417098 382.955936 0
442.922185 356.013701 0
436.744347 422.717430 0
446.777996 547.926249 0
443.669360 409.298216 0
447.434082 598.359741 0
442.452357 461.228724 0
452.449426 533.631331 0
449.055524 573.283689 0
450.079163 341.683014 0
444.972637 436.354552 0
450.710330 369.534601 0
455.988953 488.153085 0
458.380140 518.966771 0
451.102927 396.484772 0
456.023050 586.204194 0
455.784778 560.090242 0
451.588852 450.796826 0
464.792481 504.333683 0
452.593437 422.101796 0
457.861932 355.937961 0
461.960291 546.081531 0
457.026579 408.870319 0
458.707853 383.258632 0
457.410405 467.348526 0
462.338623 599.840637 0
467.935420 531.702586 0
464.195582 573.080808 0
465.049988 342.605316 0
463.177552 437.280084 0
465.652799 369.534131 0
473.999598 517.349037 0
471.697435 492.536302 0
467.803860 398.372597 0
471.368184 558.881860 0
465.205328 453.368486 0
471.274225 586.967451 0
471.715724 478.743857 0
469.939475 418.106268 0
480.160392 503.336777 0
472.749635 356.260682 0
477.441237 544.261088 0
473.539514 382.679897 0
474.275089 463.484670 0
477.281860 601.021423 0
481.666461 573.059003 0
478.357148 432.305838 0
480.025238 343.401733 0
485.814849 488.121496 0
480.333474 369.539639 0
483.374468 529.930641 0
479.551482 447.944030 0
481.140443 393.029864 0
487.158270 556.720450 0
483.141350 406.191922 0
486.139375 588.599088 0
485.086025 472.829499 0
489.344193 515.829166 0
487.567358 356.548447 0
486.656557 460.685071 0
494.284776 579.393431 0
492.846469 542.251636 0
487.579530 382.353040 0
487.443637 421.636480 0
492.259735 601.563782 0
495.300023 501.856638 0
491.650468 436.572123 0
495.024994 343.484772 0
498.673191 528.192530 0
497.243808 567.770177 0
494.899018 369.867060 0
493.619758 395.559375 0
498.876387 410.456724 0
495.189227 478.700388 0
500.069050 589.589274 0
501.534818 488.853973 0
504.548005 514.311403 0
497.507132 451.924878 0
496.843167 467.249442 0
502.381425 554.098883 0
502.365347 356.739253 0
501.927497 383.449053 0
506.305071 577.948884 0
502.671133 426.195512 0
507.252655 601.102478 0
508.046574 540.305638 0
504.346792 439.434398 0
510.385444 500.688745 0
510.005737 342.878418 0
509.032734 397.882619 0
509.609076 370.576919 0
511.666273 565.398871 0
506.651771 476.451162 0
513.873680 526.525382 0
514.172778 588.927203 0
515.852586 487.306548 0
509.947393 462.910618 0
513.526988 448.685337 0
517.325690 552.143886 0
517.080069 357.081565 0
516.808981 384.459790 0
517.327151 415.280912 0
516.359028 433.797963 0
519.703282 512.773820 0
520.393868 576.612303 0
521.983582 342.149750 0
522.227051 600.237427 0
523.176121 538.617508 0
524.562891 371.867147 0
525.618130 398.093672 0
526.347621 563.815379 0
520.526217 473.686720 0
525.363162 499.027093 0
524.609781 459.467027 0
528.789214 588.071347 0
528.371258 444.578017 0
529.090167 524.945911 0
533.948527 358.278653 0
532.335235 550.621304 0
530.089415 384.891304 0
530.640861 485.127885 0
531.890092 428.614628 0
535.082635 575.508498 0
534.952262 511.137477 0
536.926697 342.442535 0
537.205750 599.816833 0
538.383241 537.154997 0
535.439432 470.853004 0
536.819617 411.927159 0
541.282225 562.601152 0
539.830164 456.084366 0
543.993329 440.814899 0
540.635160 497.119956 0
543.653553 587.323443 0
546.664055 353.103636 0
539.831625 375.915197 0
544.448524 523.456186 0
543.614922 394.120429 0
547.496039 549.385718 0
548.452190 425.285333 0
550.029875 574.621904 0
546.016858 482.765023 0
550.585141 365.390307 0
551.825745 344.176514 0
552.177002 599.217590 0
550.467240 509.489883 0
550.998839 467.977694 0
553.998911 410.164659 0
553.751665 535.891204 0
555.552910 452.806386 0
556.402302 561.645083 0
559.847207 437.512029 0
558.637226 586.701149 0
560.031799 355.229588 0
556.179426 380.941840 0
560.043101 522.102745 0
556.362170 495.158897 0
562.752073 396.905349 0
564.148181 422.670709 0
562.821188 548.387780 0
565.121834 573.944711 0
562.013912 480.338375 0
566.692444 344.466553 0
567.149353 598.794983 0
566.849292 368.871072 0
566.356537 507.946864 0
567.126908 465.004534 0
568.192105 410.071741 0
569.316155 534.843372 0
571.506683 449.430851 0
575.414981 434.051126 0
571.662839 560.917390 0
573.692044 586.299948 0
573.433867 384.444786 0
572.675145 493.274545 0
577.570980 355.368139 0
575.914780 520.969338 0
578.969007 418.927884 0
578.297354 547.627571 0
578.564026 342.715515 0
578.892897 477.830118 0
580.306961 573.473496 0
581.080889 401.681702 0
583.287956 371.848393 0
582.149353 598.804260 0
582.670618 506.663694 0
583.783400 461.624620 0
587.300434 445.568440 0
585.066398 534.061091 0
590.703535 430.180748 0
587.026993 560.411164 0
594.255643 361.292850 0
588.787611 586.075831 0
589.745779 491.685741 0
590.443607 386.414040 0
594.259857 414.897573 0
592.031074 520.174300 0
593.312012 343.150848 0
593.888763 547.125014 0
598.000462 475.028945 0
595.550086 573.180879 0
599.858972 456.861886 0
597.166982 374.694615 0
597.124146 598.767395 0
599.292682 505.904941 0
602.519660 441.240600 0
599.500619 400.098446 0
605.741473 426.380819 0
600.946310 533.602843 0
604.530865 354.487251 0
602.454455 560.125705 0
603.902752 585.922909 0
606.931861 491.384474 0
608.180499 385.708258 0
608.288792 519.816255 0
609.548316 412.100997 0
613.059329 466.265604 0
609.660034 368.204576 0
608.271301 344.096497 0
609.537596 546.899311 0
613.713922 479.517758 0
614.473977 451.417911 0
617.021981 437.011616 0
610.820443 573.063613 0
612.111023 598.465698 0
613.476535 399.776476 0
616.077579 505.675250 0
616.858932 533.514079 0
617.899736 560.055387 0
617.152545 355.689771 0
620.778051 378.397943 0
620.377711 422.834657 0
619.022299 585.977262 0
626.473012 460.317688 0
625.816888 474.420764 0
627.890936 446.784412 0
625.171554 546.948348 0
624.746480 490.463313 0
624.516255 519.995740 0
623.264771 344.519745 0
623.916573 408.602914 0
625.546729 367.155838 0
626.223488 392.361841 0
626.090734 573.105833 0
627.067749 599.166382 0
631.107485 433.389234 0
632.683653 533.793001 0
636.452620 481.774038 0
633.318436 560.169302 0
631.637525 355.672568 0
632.675202 506.454521 0
634.269775 378.553671 0
637.139558 454.833990 0
634.139459 586.131882 0
634.909889 419.504299 0
638.944133 405.025297 0
640.499561 520.689392 0
638.262695 344.751862 0
639.773891 366.412359 0
640.722225 547.233256 0
640.434425 468.155418 0
641.339866 573.223146 0
641.105784 443.711382 0
641.534985 493.978459 0
642.065674 599.235657 0
643.979816 390.457218 0
645.819922 355.503991 0
648.678854 560.428987 0
648.320252 534.347331 0
648.657568 507.891811 0
645.314276 430.468472 0
649.775274 416.689147 0
649.247941 586.075518 0
649.771376 455.179288 0
649.710202 481.825837 0
649.303231 376.530911 0
653.249207 345.276489 0
656.148578 547.686504 0
656.557847 573.412742 0
654.837669 402.524847 0
656.943832 495.428655 0
657.038879 598.350220 0
652.056585 365.053876 0
656.126226 521.621769 0
655.383006 441.590446 0
659.575730 427.908549 0
657.645761 468.702849 0
663.724123 535.030506 0
663.975901 560.828219 0
660.281559 387.739367 0
664.342515 586.091989 0
659.934433 355.855425 0
664.141939 509.145567 0
665.220772 482.885518 0
666.888600 454.057653 0
665.042353 414.690507 0
667.835510 342.313232 0
671.454709 548.225355 0
669.609402 438.198467 0
665.442913 370.964841 0
671.391182 522.594976 0
671.754278 573.814299 0
672.020569 598.296936 0
670.977652 400.539275 0
672.368429 496.814017 0
675.196064 356.019317 0
678.882724 535.679038 0
672.297340 425.800427 0
679.248292 561.381566 0
679.004331 446.295277 0
679.431280 586.595043 0
673.815990 470.087792 0
677.126932 385.414770 0
679.335948 510.491898 0
680.806218 484.427092 0
682.751831 341.309357 0
682.759087 414.672063 0
686.730072 548.722620 0
686.993774 599.106262 0
686.960433 574.562811 0
684.184636 370.138520 0
686.109202 523.572536 0
684.469994 433.524696 0
682.946888 458.327175 0
691.019252 355.534703 0
687.727910 498.478109 0
685.790088 398.190006 0
691.072415 447.357804 0
689.348935 472.105280 0
694.244424 512.319545 0
694.511033 587.691350 0
694.599244 562.117913 0
693.862516 535.902831 0
697.614502 343.329254 0
696.061606 384.916113 0
700.244561 367.982941 0
697.804845 437.793145 0
701.906189 600.704224 0
696.316316 486.169648 0
698.908124 524.422026 0
697.508514 460.044740 0
702.207723 575.764664 0
698.694771 424.547647 0
702.311754 549.008033 0
703.258326 500.624097 0
706.115342 354.430472 0
704.655313 448.153971 0
702.000007 405.408301 0
709.561172 589.409324 0
704.656568 473.559630 0
709.395870 377.215701 0
710.205967 533.991093 0
712.190247 341.708862 0
710.091633 516.306852 0
713.659116 390.067885 0
710.120396 563.252078 0
710.094313 435.379982 0
712.057666 487.807597 0
716.754578 602.831543 0
712.324989 460.756271 0
714.673500 365.666731 0
714.998760 420.509257 0
717.482498 577.544397 0
718.329327 550.044453 0
719.072097 502.646787 0
719.079769 447.590714 0
720.934707 525.193108 0
720.941083 352.363580 0
721.995331 404.961930 0
720.337334 474.465752 0
722.320893 377.451690 0
726.512451 337.266327 0
724.499158 591.915064 0
723.975867 514.933278 0
725.774306 565.020527 0
725.286655 433.690211 0
731.134216 606.974365 0
727.664897 460.722366 0
726.969220 537.041427 0
728.661782 489.371204 0
729.005963 364.563662 0
730.150677 390.464485 0
731.879429 419.077874 0
732.720616 579.896969 0
734.404930 446.848740 0
736.612125 474.577669 0
733.403235 523.683158 0
737.139879 350.550541 0
734.571070 551.941130 0
738.181580 334.467743 0
736.347359 506.829261 0
739.336214 594.830347 0
737.015523 376.744245 0
741.217345 432.748851 0
741.404967 567.435502 0
739.247062 404.258861 0
743.183322 460.104030 0
744.342905 537.385971 0
745.818420 610.005859 0
747.501845 489.900999 0
741.927260 364.616497 0
748.968643 343.415078 0
747.815788 582.630911 0
747.817061 520.710642 0
749.951622 446.253399 0
752.279730 472.912259 0
750.584147 554.712027 0
752.913879 331.838135 0
746.635032 389.320266 0
754.024085 597.556862 0
753.956901 506.559214 0
748.490066 418.318060 0
754.431155 357.170104 0
756.948911 570.407042 0
756.732641 530.499288 0
752.028825 374.066801 0
758.142619 459.329325 0
760.648132 612.206909 0
757.248301 432.329125 0
761.444419 495.910735 0
762.450940 585.656525 0
762.171711 343.054390 0
760.293485 543.111964 0
756.295913 403.434567 0
765.032371 470.421893 0
762.089403 519.310203 0
763.166403 483.161645 0
767.779541 329.896576 0
765.471101 446.188189 0
768.071067 600.009980 0
765.042824 386.978104 0
767.099056 369.594581 0
768.509518 506.704705 0
765.013869 418.089076 0
765.925625 557.989430 0
769.100254 531.982346 0
771.666976 354.911247 0
773.500416 574.017824 0
772.898717 460.126717 0
774.061296 493.243888 0
774.338911 589.317128 0
775.500183 614.304260 0
773.307424 432.412319 0
773.314113 403.676522 0
777.263832 341.104117 0
775.056454 546.107407 0
776.394915 519.417068 0
777.481971 378.267723 0
778.645723 476.606368 0
781.242242 446.717322 0
782.625305 327.764343 0
781.461485 601.018867 0
783.085030 505.807982 0
779.157586 559.584813 0
781.924304 366.200608 0
782.415585 390.525937 0
781.394122 418.404539 0
784.016208 533.460378 0
787.315857 616.399536 0
786.207407 585.884614 0
788.827346 461.538530 0
787.100321 352.363319 0
789.491858 491.302153 0
789.695117 404.670770 0
792.233885 338.645439 0
789.443710 432.792177 0
789.465669 569.290652 0
791.551530 519.258021 0
790.911803 378.069830 0
797.013184 476.496741 0
797.334211 600.199887 0
791.833553 550.526894 0
797.474976 325.650543 0
798.484880 504.953608 0
797.478623 447.296771 0
797.271235 364.028053 0
800.150620 533.491195 0
798.026528 391.537625 0
797.564586 418.838214 0
802.246521 617.686401 0
802.232866 349.312873 0
805.646754 490.747028 0
801.141953 581.469253 0
804.951103 564.271842 0
805.665849 462.040448 0
805.653589 433.142197 0
806.702156 335.689120 0
807.169954 518.449427 0
810.431607 606.279033 0
810.034031 547.503727 0
808.335782 377.901782 0
813.112168 360.355234 0
805.435433 405.096304 0
813.959351 504.200280 0
812.298645 323.358154 0
813.790603 476.800567 0
814.024024 447.613061 0
812.535704 592.666959 0
816.360192 576.512878 0
811.350548 393.015240 0
821.139319 490.784267 0
816.971646 344.820190 0
817.217346 617.307922 0
816.298983 531.779304 0
813.748930 418.986432 0
820.875870 560.346871 0
818.998567 332.359368 0
822.578416 517.056848 0
822.854982 462.563295 0
821.651381 433.396811 0
822.825928 603.537462 0
828.744633 503.265644 0
826.101836 544.635670 0
824.935020 371.367205 0
827.125099 588.013090 0
822.215106 403.594215 0
830.426730 478.239381 0
827.159241 321.449280 0
822.732952 386.998361 0
831.771006 529.580396 0
828.921192 354.739008 0
834.279930 491.520142 0
831.540045 572.327193 0
829.967749 419.925097 0
830.837951 447.314630 0
832.186523 617.645325 0
837.542879 515.120156 0
831.860240 336.489031 0
837.463459 599.319012 0
836.281194 556.857799 0
835.678124 433.481495 0
842.393137 463.451156 0
833.255589 394.424865 0
842.988290 500.978755 0
841.368226 541.785470 0
836.303272 381.751348 0
839.143982 320.845032 0
842.034974 583.730131 0
840.202933 366.509818 0
846.759235 527.157281 0
848.120366 484.396829 0
839.012786 406.799720 0
844.140381 618.696655 0
848.438256 443.470397 0
846.578753 568.527527 0
845.382488 332.301141 0
852.444017 512.747510 0
848.079018 608.547691 0
851.244706 553.560782 0
847.506295 423.377262 0
846.444531 348.929539 0
857.571395 457.338707 0
851.128784 320.240753 0
856.080109 538.970469 0
846.017146 393.043336 0
856.829859 498.900208 0
850.679895 378.231033 0
852.537222 594.451003 0
858.531727 470.944261 0
861.383855 524.802826 0
855.124623 406.518977 0
859.761365 433.302683 0
853.937401 364.093731 0
856.980824 579.763955 0
858.970337 616.557739 0
861.414189 564.957953 0
858.335950 335.013389 0
869.199621 509.602613 0
864.584138 420.256068 0
865.349543 446.145024 0
865.777033 550.311084 0
871.432197 486.849001 0
863.181000 604.622219 0
869.986163 536.264763 0
861.737651 390.614024 0
866.120117 319.733276 0
865.890887 373.442385 0
867.496757 590.738551 0
866.475501 353.400990 0
873.174589 462.771667 0
873.878829 524.147769 0
872.954905 433.355033 0
871.909488 405.116899 0
871.844655 576.205711 0
873.938782 615.633789 0
874.467308 335.493758 0
882.577324 502.415899 0
876.089983 561.418936 0
880.236088 446.745054 0
880.278423 419.972000 0
879.886654 546.748011 0
882.957639 532.677027 0
881.707311 366.966624 0
878.071409 601.813284 0
880.822123 387.415237 0
881.114868 319.834625 0
884.555376 349.918006 0
885.910517 517.459011 0
887.993340 457.838911 0
882.382378 587.595172 0
891.927347 492.223862 0
887.560277 433.825922 0
891.164466 473.675745 0
888.938437 406.024948 0
886.731052 572.792963 0
890.206692 335.082935 0
888.550415 612.891907 0
890.923879 557.545833 0
894.433247 446.656669 0
895.762353 421.367311 0
896.029941 376.680415 0
894.505768 529.186783 0
893.632160 542.333644 0
894.466043 506.030124 0
892.888755 599.409124 0
896.486767 361.005091 0
899.570041 393.161656 0
903.876060 484.606934 0
896.037537 321.240173 0
897.282291 584.635668 0
901.005716 459.451032 0
901.745370 434.983959 0
897.999244 347.598852 0
901.895330 569.395777 0
905.324450 409.223381 0
903.857421 518.260682 0
906.220684 535.275136 0
903.404358 612.660217 0
907.351607 552.641512 0
908.115588 447.225963 0
908.813202 472.132394 0
906.960148 369.335328 0
908.111288 499.879444 0
907.653041 596.871656 0
910.773528 424.294930 0
907.889526 323.118927 0
910.657149 382.274915 0
915.577638 459.309567 0
907.071098 336.431695 0
912.166868 581.777569 0
918.183421 527.270202 0
911.685131 355.586776 0
913.882256 436.663928 0
919.680051 512.840160 0
919.853080 542.041703 0
916.952524 567.026290 0
915.680957 397.447425 0
919.420572 485.227099 0
921.902886 470.656709 0
919.959785 371.185164 0
917.854309 608.956055 0
922.040804 554.947885 0
921.263988 413.157813 0
922.111144 446.426933 0
921.641296 328.399689 0
922.334331 593.806347 0
925.770792 385.923700 0
923.631958 500.102945 0
924.044639 344.015505 0
928.872467 521.704799 0
930.681511 533.594320 0
926.909476 578.961357 0
934.177311 476.626345 0
926.714511 430.500259 0
931.584347 460.102694 0
929.291162 359.588892 0
931.389453 564.482933 0
931.536861 401.045688 0
934.697435 548.600751 0
932.450806 605.652405 0
936.855896 444.897922 0
935.417255 374.469056 0
935.493065 509.932790 0
935.514449 492.736427 0
937.600253 416.553892 0
935.012268 335.091217 0
936.984954 590.635657 0
940.380502 524.973137 0
942.164079 537.066614 0
939.574220 349.017450 0
944.534259 455.365111 0
946.010479 467.600442 0
941.655599 576.073769 0
941.403957 389.207633 0
946.120248 561.340377 0
944.579744 431.660321 0
947.540867 404.089393 0
945.081536 363.306109 0
949.733231 501.086286 0
950.720148 516.220710 0
946.875977 601.722900 0
950.701971 483.571645 0
950.693051 546.816873 0
951.673421 445.471091 0
949.312134 339.459045 0
951.697290 587.615029 0
954.416547 531.421424 0
951.020109 377.671817 0
954.013272 418.990610 0
956.859173 573.443886 0
958.531429 471.206041 0
956.601317 458.871168 0
954.711443 352.667746 0
957.169646 392.135184 0
962.341020 509.145486 0
963.697225 495.034484 0
960.675618 433.679685 0
962.022015 520.876222 0
961.466064 558.680229 0
965.343553 543.867189 0
961.348816 598.333862 0
967.329501 480.868266 0
960.490855 366.469021 0
966.472665 585.498743 0
963.560503 406.709635 0
964.039063 342.262268 0
966.852931 448.489958 0
966.580892 380.513089 0
972.067867 465.233932 0
969.660322 530.239423 0
969.778629 355.516575 0
970.168487 421.370595 0
973.769123 571.493059 0
976.048675 555.177974 0
977.227616 491.332672 0
974.914615 504.329936 0
972.942100 394.708074 0
973.022581 517.442482 0
975.787690 369.185838 0
981.813435 478.964466 0
976.203857 596.963013 0
976.816832 436.224709 0
978.970037 585.162079 0
978.871033 344.405029 0
983.337167 451.593232 0
979.565394 409.068558 0
979.823679 540.944772 0
982.096845 382.976711 0
985.887071 564.204195 0
983.386878 526.978584 0
984.778937 358.133183 0
988.279062 488.975365 0
987.390606 499.950581 0
986.421043 423.667125 0
985.867696 513.192949 0
987.705566 593.541016 0
990.707184 578.327840 0
988.707037 396.931607 0
993.491102 438.672262 0
990.076155 466.801578 0
991.013696 371.552344 0
990.037860 551.938568 0
993.527710 347.570007 0
995.955590 480.705037 0
994.507829 537.545299 0
995.625614 411.125340 0
997.487423 522.601029 0
997.568869 385.035147 0
999.051962 494.027916 0
999.701199 360.592159 0
998.893585 564.121087 0
999.055541 507.963120 0
1000.765645 454.265026 0
1002.894661 425.652949 0
1002.574341 592.392761 0
1007.165617 577.407607 0
1004.466998 398.758503 0
1005.098368 549.699069 0
1006.160231 373.435005 0
1008.191589 350.717743 0
1006.565144 470.175111 0
1011.250567 533.187856 0
1009.994744 485.409136 0
1010.898118 516.832422 0
1010.749087 440.748489 0
1011.725295 412.769166 0
1013.682034 501.280923 0
1014.486233 563.190683 0
1014.305786 589.868164 0
1012.984098 386.619261 0
1014.540174 362.166396 0
1022.036214 576.565278 0
1020.413564 457.719373 0
1019.384374 427.040232 0
1020.209641 400.148383 0
1021.448662 523.358142 0
1022.500162 512.697218 0
1022.528350 490.110888 0
1022.223534 476.268975 0
1023.147522 350.761017 0
1021.162374 374.686179 0
1021.440950 548.269826 0
1027.574043 441.250628 0
1027.790668 413.979088 0
1028.348114 387.710829 0
1029.162720 588.538147 0
1027.908727 534.098616 0
1028.881894 362.826594 0
1031.787228 502.047367 0
1034.805045 577.285396 0
1034.709333 520.043525 0
1035.147461 350.788666 0
1034.979361 485.635507 0
1038.889194 468.672398 0
1032.298881 563.119080 0
1036.159990 452.782220 0
1035.955704 401.125696 0
1036.065908 375.397477 0
1035.593027 427.938126 0
1037.623565 546.378311 0
1041.001650 533.422492 0
1043.914429 585.820435 0
1047.573521 509.751883 0
1043.230231 363.178563 0
1046.566334 494.920483 0
1043.163738 441.375610 0
1043.718288 388.341862 0
1043.889252 414.935289 0
1046.616787 572.395066 0
1047.903450 481.891635 0
1050.114990 351.234039 0
1049.096207 557.786459 0
1050.770446 525.020712 0
1051.057809 375.676066 0
1054.009864 541.623911 0
1051.768620 429.136601 0
1050.773483 454.975624 0
1051.785617 401.704796 0
1057.867759 501.527161 0
1058.414917 582.049866 0
1058.114168 363.165581 0
1059.302207 488.757727 0
1059.791709 471.548547 0
1059.099613 388.485274 0
1061.175800 568.325092 0
1063.585969 530.316955 0
1062.860556 554.910125 0
1060.448325 415.802240 0
1057.124305 442.261766 0
1063.755248 515.031508 0
1065.103882 350.699738 0
1066.119062 375.519479 0
1071.542556 483.501723 0
1072.149477 499.239634 0
1067.604353 401.598004 0
1073.142095 543.589167 0
1073.186401 579.573486 0
1070.398037 432.586803 0
1069.521044 453.303499 0
1073.058496 362.700926 0
1076.883246 563.251997 0
1076.258107 526.365374 0
1074.311498 388.115375 0
1078.089759 513.076793 0
1080.080078 349.930084 0
1077.243909 414.918873 0
1085.853137 488.189700 0
1081.070569 375.002118 0
1080.617351 469.836854 0
1082.733826 400.614446 0
1089.071302 552.593216 0
1089.329703 536.107794 0
1082.856119 456.751871 0
1088.043945 577.749023 0
1087.861406 361.902219 0
1089.648161 520.122289 0
1088.638469 504.675647 0
1090.704599 566.044499 0
1085.085527 445.254410 0
1089.236815 387.511960 0
1090.681341 411.456850 0
1098.555801 476.987311 0
1095.018188 348.569244 0
1091.591201 427.513355 0
1095.831554 374.288015 0
1097.317251 400.132294 0
1103.094314 528.037584 0
1099.919556 576.025269 0
1096.196114 458.660453 0
1102.475732 512.520897 0
1103.610409 494.964034 0
1099.604974 560.612554 0
1102.106616 360.935032 0
1104.148203 386.954060 0
1099.942330 442.778445 0
1106.973511 347.534698 0
1104.511551 414.147701 0
1104.763008 545.977966 0
1113.427420 520.052275 0
1112.737320 468.094137 0
1112.309232 482.241083 0
1110.559047 373.445045 0
1112.580172 400.150208 0
1116.427561 507.322305 0
1114.851807 575.333496 0
1113.564379 450.995132 0
1113.262585 431.518692 0
1113.565414 562.433865 0
1116.392065 359.881653 0
1118.916003 533.483523 0
1121.621870 414.161760 0
1119.353522 386.227399 0
1119.755209 548.606885 0
1121.916748 346.361603 0
1121.000194 492.876178 0
1126.215211 518.930433 0
1125.629212 478.329416 0
1130.151695 461.407543 0
1125.513815 372.403791 0
1126.460815 572.295654 0
1129.077427 443.566338 0
1132.507670 427.527014 0
1128.513472 399.314841 0
1131.277863 358.619128 0
1133.220030 529.856077 0
1131.823331 504.635032 0
1129.600208 558.196901 0
1131.927081 542.958213 0
1140.946515 451.135921 0
1134.792997 385.123310 0
1136.816406 344.701019 0
1136.184397 489.813363 0
1144.007690 438.860764 0
1140.697285 371.143434 0
1141.394287 570.933228 0
1143.463832 518.268908 0
1138.336244 412.353058 0
1141.371762 475.593330 0
1147.707524 462.194746 0
1144.494834 551.963773 0
1145.568322 535.662063 0
1146.325332 357.231451 0
1144.377591 397.905397 0
1147.631253 500.638536 0
1148.716106 424.743556 0
1153.765165 449.686443 0
1150.286635 383.768375 0
1151.758179 343.499237 0
1149.628858 486.849979 0
1159.136610 527.124413 0
1155.975602 369.729516 0
1154.257396 410.500910 0
1156.372437 570.955383 0
1161.156130 543.821525 0
1159.005005 436.546027 0
1157.316852 560.222232 0
1161.077826 460.378732 0
1158.903392 475.007611 0
1160.057646 396.399591 0
1160.633020 511.070272 0
1161.420515 355.703466 0
1164.154707 422.709549 0
1164.032222 493.228283 0
1165.801194 382.329212 0
1169.815424 449.040981 0
1166.628296 341.546387 0
1170.958815 533.055574 0
1167.968628 567.868347 0
1169.875754 408.924462 0
1173.539281 434.270009 0
1171.310089 368.214092 0
1173.023939 520.889117 0
1173.300129 480.855994 0
1172.511274 555.796165 0
1179.503858 421.303228 0
1175.723988 394.993015 0
1176.489223 506.299007 0
1176.518969 354.006236 0
1178.094911 542.941487 0
1175.170890 465.993909 0
1181.551779 442.871223 0
1181.434258 380.888069 0
1181.474487 339.440247 0
1182.811157 566.377441 0
1181.608609 491.912245 0
1183.370453 530.514384 0
1187.170554 433.179330 0
1185.528308 407.666330 0
1186.696585 366.639170 0
1187.715000 553.551491 0
1184.557945 453.578742 0
1187.536324 517.290783 0
1186.759535 478.162703 0
1191.621774 393.770846 0
1191.576867 352.499315 0
1192.645212 444.311052 0
1192.847250 540.920097 0
1191.742284 464.968422 0
1192.076657 503.426581 0
1196.721422 421.096145 0
1197.431855 379.396974 0
1196.447144 338.798096 0
1197.477295 563.641357 0
1197.745424 528.003218 0
1199.692680 405.932339 0
1201.893467 364.839839 0
1196.964280 489.525961 0
1196.385177 454.315005 0
1199.025368 435.250581 0
1202.542499 551.637174 0
1202.490625 514.629556 0
1206.423357 351.276794 0
1209.893230 393.765787 0
1207.603665 538.881531 0
1201.737343 475.745337 0
1207.343835 500.921434 0
1213.030928 376.490788 0
1211.444458 338.525818 0
1207.142341 446.696975 0
1212.242554 562.942261 0
1205.806122 462.040260 0
1212.606678 525.794810 0
1216.186935 362.744051 0
1212.227846 487.008291 0
1211.415710 430.988709 0
1217.363134 549.890291 0
1217.611412 512.354799 0
1214.672537 413.378340 0
1220.984005 350.257478 0
1216.888290 472.787735 0
1224.896545 372.067788 0
1222.504580 537.050779 0
1222.663328 498.599385 0
1226.432739 337.957031 0
1223.770098 442.248738 0
1227.028442 560.417297 0
1224.907569 401.267641 0
1220.903013 457.749450 0
1227.665632 523.858626 0
1227.124315 427.281178 0
1229.879111 361.538450 0
1227.736451 484.486852 0
1227.862629 386.140804 0
1232.250570 548.415912 0
1232.912209 413.336772 0
1232.873629 510.336433 0
1235.530074 349.506051 0
1232.881782 469.713634 0
1237.506622 373.432110 0
1237.524685 535.469190 0
1237.105164 437.766468 0
1241.415283 337.237946 0
1238.156593 496.501166 0
1241.851685 560.389648 0
1239.170345 399.728279 0
1238.889969 453.026863 0
1242.831210 425.984211 0
1244.156007 361.229256 0
1242.853189 522.153247 0
1243.566047 482.324291 0
1247.224099 547.280731 0
1245.602080 386.246481 0
1248.730573 412.395310 0
1250.305680 348.819126 0
1248.265889 508.560151 0
1249.268541 467.920331 0
1252.636405 534.060095 0
1252.621834 373.378170 0
1252.876136 440.303372 0
1256.381348 336.232269 0
1256.810547 559.280029 0
1254.973801 398.994847 0
1253.802995 494.709496 0
1258.198663 424.835510 0
1255.377475 455.501881 0
1258.132617 520.640472 0
1259.077422 360.707139 0
1262.263682 546.071265 0
1259.514061 480.624381 0
1261.448750 385.814568 0
1263.749818 507.026389 0
1264.259105 411.504285 0
1265.265927 348.004811 0
1267.806131 532.748584 0
1265.342461 466.341258 0
1267.205751 435.096000 0
1267.917237 372.846949 0
1269.533489 493.227421 0
1271.346313 335.207794 0
1271.769409 558.170349 0
1270.597239 398.290638 0
1273.463457 519.297992 0
1270.475502 449.926030 0
1274.181663 359.969522 0
1273.247599 423.740877 0
1275.533981 479.230661 0
1277.328303 544.888902 0
1276.950239 385.139009 0
1279.273287 505.726844 0
1280.294648 347.095487 0
1281.844555 464.851694 0
1279.767046 410.778654 0
1282.997954 531.534467 0
1283.199306 372.079973 0
1281.194541 436.682037 0
1285.293846 492.051067 0
1286.311401 334.183319 0
1286.728394 557.060669 0
1289.436925 450.715202 0
1286.148058 397.521459 0
1288.799614 518.113128 0
1289.318286 359.087278 0
1288.817183 423.557753 0
1291.637470 478.292682 0
1292.396886 543.748581 0
1292.359087 384.288061 0
1294.771593 504.647063 0
1295.335280 346.122427 0
1295.491424 410.065326 0
1298.598743 464.609125 0
1298.178615 530.410188 0
1298.443641 371.154945 0
1297.938991 437.063600 0
1300.979253 491.183752 0
1301.276367 333.158875 0
1301.687256 555.950989 0
1301.684813 396.574697 0
1306.523605 451.163628 0
1304.090854 517.062598 0
1304.436916 358.105336 0
1307.534947 477.831896 0
1305.217933 423.023035 0
1307.453235 542.646226 0
1307.694713 383.264848 0
1310.163862 503.745102 0
1310.364428 345.106257 0
1314.570653 464.801876 0
1311.269326 408.943132 0
1313.317977 529.355671 0
1313.626120 370.109342 0
1316.438420 490.534602 0
1316.395819 437.244820 0
1316.241333 332.134430 0
1316.646118 554.841309 0
1322.152123 452.549484 0
1317.105214 395.371674 0
1319.290740 516.103388 0
1319.514171 357.055279 0
1322.943709 477.569141 0
1321.346217 421.268604 0
1322.484735 541.570068 0
1329.618947 443.504319 0
1325.382205 502.937570 0
1322.913262 382.095890 0
1325.372143 344.062918 0
1329.623913 465.087812 0
1326.723002 407.360624 0
1328.393888 528.340144 0
1328.724553 368.984123 0
1331.589336 489.938040 0
1331.206299 331.109955 0
1331.605103 553.731628 0
1331.912331 432.143784 0
1336.128216 453.494340 0
1332.302041 393.995835 0
1334.371837 515.176842 0
1334.539776 355.966650 0
1337.861094 477.218238 0
1336.506389 418.899417 0
1337.483906 540.504401 0
1341.460231 442.088970 0
1340.407254 502.124127 0
1337.987977 380.853928 0
1340.355669 343.006359 0
1344.037708 464.891338 0
1343.397497 527.328162 0
1341.757716 405.688656 0
1343.734189 367.827123 0
1346.463783 489.240507 0
1346.171265 330.085510 0
1346.563965 552.621887 0
1346.089850 429.857273 0
1349.821236 452.841776 0
1349.334175 514.223953 0
1347.277393 392.607796 0
1349.515126 354.866396 0
1352.461192 476.578083 0
1351.152360 417.078989 0
1352.449574 539.433030 0
1355.131884 440.690427 0
1355.268261 501.222880 0
1352.934296 379.615968 0
1355.317314 341.947791 0
1358.276973 464.123113 0
1358.333856 526.287374 0
1356.529794 404.191141 0
1358.668993 366.678121 0
1361.153128 488.355695 0
1361.136230 329.061066 0
1361.522827 551.512268 0
1360.314807 428.240868 0
1363.833122 451.757986 0
1364.199257 513.199326 0
1362.100942 391.303217 0
1364.450175 353.773882 0
1366.923954 475.632972 0
1367.386098 538.342138 0
1365.654077 415.596062 0
1369.208547 439.351694 0
1370.015449 500.187056 0
1367.790753 378.427364 0
1370.262383 340.894189 0
1372.526799 463.029629 0
1373.217439 525.193507 0
1371.176471 402.872078 0
1373.552301 365.559259 0
1375.740339 487.264755 0
1376.101196 328.036560 0
1376.481689 550.402649 0
1374.586125 426.867416 0
1377.969342 450.504506 0
1378.997118 512.074878 0
1376.841280 390.105125 0
1379.358442 352.698228 0
1381.330744 474.437769 0
1382.301165 537.221593 0
1380.098524 414.323185 0
1383.347525 438.042622 0
1384.695115 498.996525 0
1382.597743 377.302638 0
1385.196977 339.847798 0
1386.764280 461.712228 0
1388.066483 524.030705 0
1385.769883 401.711566 0
1388.407957 364.475270 0
1390.274170 485.968648 0
1391.066162 327.012115 0
1391.440674 549.292969 0
1388.822291 425.644340 0
1392.066962 449.123700 0
1393.757337 510.834533 0
1391.552280 389.012074 0
1394.252647 351.638717 0
1395.696126 473.007421 0
1397.203745 536.064727 0
1394.511202 413.242582 0
1397.358512 436.755275 0
1399.343663 497.639352 0
1397.389736 376.235133 0
1400.126259 338.806680 0
1400.928758 460.158817 0
1402.899771 522.789074 0
1400.371027 400.709898 0
1403.254814 363.416191 0
1404.785836 484.454270 0
1406.031128 325.987671 0
1406.399536 548.183350 0
1402.956234 424.626739 0
1405.959938 447.557159 0
1408.507807 509.467779 0
1406.280930 388.004179 0
1409.141793 350.586903 0
1410.030098 471.299708 0
1412.103131 534.867364 0
1408.974028 412.432245 0
1413.996045 496.102842 0
1412.189911 375.197050 0
1410.920422 435.525839 0
1415.053458 337.766077 0
1414.984076 458.238935 0
1417.736174 521.462572 0
1415.065899 399.849969 0
1418.103030 362.361214 0
1419.318298 482.694043 0
1420.996094 324.963226 0
1421.358398 547.073669 0
1419.423665 445.526548 0
1417.071562 424.149487 0
1423.277537 507.968229 0
1421.051059 387.014970 0
1424.029973 349.530351 0
1424.401151 469.229742 0
1427.008670 533.627070 0
1423.790008 412.004887 0
1428.694832 494.380436 0
1427.003397 374.145488 0
1422.671773 434.526354 0
1429.979790 336.720364 0
1429.086623 455.645939 0
1432.594757 520.048398 0
1429.854223 398.924665 0
1432.953577 361.287137 0
1433.942513 480.682088 0
1435.961060 323.938751 0
1436.317383 545.964050 0
1432.839471 441.649389 0
1433.035272 425.767938 0
1438.097495 506.336270 0
1435.845007 385.960606 0
1438.917330 348.457383 0
1438.976574 466.801131 0
1441.929054 532.342301 0
1438.659463 410.892940 0
1443.486949 492.485042 0
1441.820808 373.045317 0
1444.905166 335.664735 0
1443.818893 452.412718 0
1447.493237 518.545827 0
1444.639257 397.813786 0
1447.802372 360.177818 0
1448.716428 478.485769 0
1450.926025 322.914307 0
1451.276245 544.854370 0
1447.199126 421.134824 0
1452.998495 504.577870 0
1450.634633 384.810020 0
1453.802772 347.360201 0
1453.824279 464.332816 0
1456.870537 531.009775 0
1448.920279 436.000046 0
1453.359891 409.697859 0
1458.421070 490.432958 0
1456.629893 371.883060 0
1459.828862 334.595465 0
1459.190476 450.028920 0
1462.442320 516.951853 0
1459.409129 396.584469 0
1462.646740 359.027802 0
1463.586347 476.163544 0
1465.890991 321.889832 0
1466.235107 543.744690 0
1468.010724 502.703086 0
1465.399259 383.562498 0
1468.687288 346.233903 0
1464.312666 437.684113 0
1461.954226 423.302163 0
1468.588513 462.086593 0
1471.833753 529.615181 0
1468.221914 408.444378 0
1473.677386 488.167331 0
1471.422311 370.666480 0
1474.746753 333.507732 0
1477.420815 515.250801 0
1474.130313 395.165485 0
1477.495527 357.838998 0
1478.231415 473.458707 0
1480.856079 320.865356 0
1481.194092 542.634949 0
1475.746169 418.698900 0
1475.831098 431.435675 0
1483.066378 500.825626 0
1475.605214 447.638848 0
1480.109149 382.254758 0
1481.028159 460.878681 0
1483.576640 345.069011 0
1486.826568 528.094639 0
1490.700886 485.405376 0
1486.204604 369.423261 0
1489.627971 332.390759 0
1492.320126 513.306112 0
1486.918216 392.931514 0
1484.660796 407.202682 0
1492.399556 356.607305 0
1488.004652 423.096375 0
1495.821045 319.840942 0
1496.152954 541.525330 0
1489.293638 438.176613 0
1490.913408 453.160610 0
1491.751861 468.034264 0
1496.233285 500.109643 0
1498.479702 343.831376 0
1502.025488 526.231314 0
1499.232227 367.395080 0
1504.276864 331.228253 0
1496.526508 381.768983 0
1499.117728 398.255942 0
1500.414163 413.810127 0
1508.325455 509.316966 0
1502.019315 429.238990 0
1503.326824 444.473057 0
1504.417507 459.746023 0
1505.168675 475.540852 0
1509.378208 356.080466 0
1506.727924 491.685637 0
1510.786011 318.816498 0
1511.111816 540.415649 0
1511.600237 341.609004 0
1517.405192 524.725455 0
1511.623061 373.089635 0
1512.428732 389.022024 0
1513.708271 404.789222 0
1514.921700 420.264889 0
1516.102378 435.599192 0
1519.337734 330.879369 0
1517.164458 450.902861 0
1518.134019 466.350847 0
1519.240583 482.010620 0
1522.874773 511.432344 0
1520.667969 497.720274 0
1525.750977 317.792023 0
1526.070679 539.305969 0
1526.517082 346.023335 0
1525.768583 364.002217 0
1526.373347 380.262623 0
1527.186970 395.957621 0
1528.140431 411.415192 0
1534.014370 521.647497 0
1529.104501 426.726030 0
1530.037138 441.978200 0
1530.931197 457.258763 0
1531.848352 472.635587 0
1532.869084 488.121556 0
1533.949548 503.747590 0
1537.088939 329.805884 0
1540.715942 316.767548 0
1541.029663 538.196289 0
1542.067454 343.252934 0
1540.365303 356.530852 0
1540.336378 372.022603 0
1540.873386 387.476560 0
1541.571439 402.773918 0
1542.321820 417.972423 0
1543.075465 433.118678 0
1543.817923 448.255901 0
1544.560799 463.421670 0
1545.333447 478.643298 0
1546.158020 493.966395 0
1549.662461 524.528981 0
1547.101455 509.593448 0
1552.331665 319.467957 0
1552.897949 334.457275 0
1553.464233 349.446564 0
1554.030518 364.435883 0
1554.596680 379.425201 0
1555.162964 394.414490 0
1555.729248 409.403809 0
1555.988525 537.086609 0
1556.295532 424.393127 0
1556.861816 439.382416 0
1557.427979 454.371735 0
1557.994263 469.361053 0
1558.560547 484.350342 0
1559.126831 499.339661 0
1559.692993 514.328979 0
1560.145996 526.320435 0
