1 29 2
2 29 37
2 37 22
2 22 3
3 22 23
3 23 4
4 23 24
4 24 5
5 24 25
5 25 6
6 25 26
6 26 7
7 26 27
7 27 8
8 27 28
8 28 9
9 28 35
9 35 10
10 35 30
10 30 11
11 30 38
11 38 31
11 31 12
12 31 13
13 31 39
13 39 32
13 32 14
14 32 15
15 32 40
15 40 33
15 33 16
16 33 17
17 33 45
17 45 34
17 34 18
18 34 19
19 34 48
19 48 20
20 48 21
21 48 36
22 37 49
22 49 23
23 49 41
23 41 24
24 41 42
24 42 25
25 42 43
25 43 26
26 43 44
26 44 27
27 44 46
27 46 28
28 46 51
28 51 35
29 47 37
30 35 50
30 50 38
31 38 52
31 52 39
32 39 53
32 53 40
33 40 55
33 55 45
34 45 63
34 63 48
35 51 50
36 48 54
37 47 58
37 58 49
38 50 56
38 56 52
39 52 64
39 64 53
40 53 68
40 68 55
41 49 57
41 57 59
41 59 42
42 59 60
42 60 43
43 60 62
43 62 44
44 62 61
44 61 46
45 55 73
45 73 75
45 75 63
46 61 66
46 66 51
47 67 58
48 63 54
49 58 70
49 70 57
50 51 65
50 65 56
51 66 65
52 56 69
52 69 64
53 64 72
53 72 68
54 63 71
55 68 73
56 65 74
56 74 85
56 85 69
57 70 84
57 84 59
58 67 78
58 78 70
59 84 76
59 76 60
60 76 77
60 77 62
61 62 79
61 79 83
61 83 66
62 77 79
63 75 80
63 80 71
64 69 82
64 82 72
65 66 81
65 81 74
66 83 81
67 86 78
68 72 87
68 87 73
69 85 96
69 96 82
70 78 89
70 89 84
71 80 88
72 82 90
72 90 87
73 87 101
73 101 91
73 91 75
74 81 92
74 92 85
75 91 93
75 93 80
76 84 102
76 102 99
76 99 77
77 99 94
77 94 79
78 86 98
78 98 89
79 94 97
79 97 83
80 93 88
81 83 95
81 95 107
81 107 92
82 96 106
82 106 90
83 97 95
84 89 100
84 100 102
85 92 103
85 103 96
86 105 98
87 90 110
87 110 101
88 93 104
89 98 108
89 108 100
90 106 118
90 118 110
91 101 117
91 117 109
91 109 93
92 107 120
92 120 103
93 109 112
93 112 104
94 99 111
94 111 122
94 122 97
95 97 113
95 113 124
95 124 107
96 103 114
96 114 106
97 122 113
98 105 115
98 115 108
99 102 116
99 116 111
100 108 119
100 119 102
101 110 127
101 127 117
102 119 116
103 120 130
103 130 114
104 112 121
105 123 115
106 114 125
106 125 118
107 124 133
107 133 120
108 115 128
108 128 119
109 117 134
109 134 126
109 126 112
110 118 135
110 135 127
111 116 129
111 129 122
112 126 121
113 122 131
113 131 124
114 130 138
114 138 125
115 123 136
115 136 128
116 119 132
116 132 146
116 146 129
117 127 143
117 143 134
118 125 144
118 144 135
119 128 141
119 141 132
120 133 147
120 147 130
121 126 142
121 142 137
122 129 139
122 139 131
123 140 136
124 131 145
124 145 133
125 138 153
125 153 144
126 134 149
126 149 142
127 135 151
127 151 143
128 136 148
128 148 141
129 146 139
130 147 138
131 139 155
131 155 145
132 141 150
132 150 146
133 145 156
133 156 147
134 143 159
134 159 149
135 144 160
135 160 151
136 140 154
136 154 148
137 142 152
138 147 161
138 161 153
139 146 157
139 157 155
140 158 154
141 148 163
141 163 150
142 149 162
142 162 152
143 151 166
143 166 159
144 153 168
144 168 160
145 155 165
145 165 156
146 150 164
146 164 157
147 156 171
147 171 169
147 169 161
148 154 167
148 167 163
149 159 170
149 170 162
150 163 173
150 173 164
151 160 177
151 177 166
152 162 174
153 161 179
153 179 168
154 158 175
154 175 167
155 157 172
155 172 165
156 165 178
156 178 171
157 164 176
157 176 172
159 166 180
159 180 170
160 168 186
160 186 177
161 169 187
161 187 179
162 170 182
162 182 174
163 167 181
163 181 173
164 173 184
164 184 176
165 172 183
165 183 178
166 177 188
166 188 180
167 175 185
167 185 194
167 194 181
168 179 196
168 196 186
169 171 197
169 197 187
170 180 189
170 189 182
171 178 208
171 208 197
172 176 191
172 191 183
173 181 190
173 190 184
174 182 193
175 192 185
176 184 199
176 199 191
177 186 198
177 198 188
178 183 195
178 195 208
179 187 204
179 204 196
180 188 200
180 200 189
181 194 207
181 207 190
182 189 201
182 201 193
183 191 202
183 202 195
184 190 203
184 203 199
185 192 206
185 206 194
186 196 205
186 205 198
187 197 213
187 213 204
188 198 209
188 209 200
189 200 211
189 211 201
190 207 219
190 219 203
191 199 210
191 210 202
192 212 206
193 201 214
194 206 218
194 218 207
195 202 215
195 215 208
196 204 216
196 216 205
197 208 222
197 222 213
198 205 220
198 220 209
199 203 217
199 217 210
200 209 221
200 221 211
201 211 223
201 223 214
202 210 224
202 224 215
203 219 232
203 232 217
204 213 225
204 225 216
205 216 228
205 228 220
206 212 226
206 226 218
207 218 229
207 229 219
208 215 227
208 227 222
209 220 231
209 231 221
210 217 230
210 230 224
211 221 233
211 233 223
212 235 226
213 222 234
213 234 225
214 223 236
215 224 237
215 237 227
216 225 238
216 238 228
217 232 230
218 226 239
218 239 229
219 229 241
219 241 232
220 228 240
220 240 231
221 231 242
221 242 233
222 227 243
222 243 234
223 233 245
223 245 236
224 230 244
224 244 237
225 234 247
225 247 238
226 235 248
226 248 239
227 237 249
227 249 243
228 238 250
228 250 240
229 239 251
229 251 241
230 232 246
230 246 260
230 260 244
231 240 252
231 252 242
232 241 257
232 257 246
233 242 254
233 254 245
234 243 253
234 253 247
235 255 248
236 245 258
237 244 256
237 256 249
238 247 259
238 259 250
239 248 261
239 261 251
240 250 262
240 262 252
241 251 263
241 263 257
242 252 265
242 265 254
243 249 264
243 264 253
244 260 272
244 272 256
245 254 267
245 267 258
246 257 269
246 269 260
247 253 266
247 266 259
248 255 270
248 270 261
249 256 268
249 268 264
250 259 271
250 271 262
251 261 273
251 273 263
252 262 274
252 274 265
253 264 275
253 275 266
254 265 276
254 276 267
255 278 270
256 272 285
256 285 268
257 263 277
257 277 269
258 267 280
259 266 279
259 279 271
260 269 283
260 283 272
261 270 281
261 281 273
262 271 284
262 284 274
263 273 288
263 288 277
264 268 282
264 282 275
265 274 286
265 286 276
266 275 287
266 287 279
267 276 290
267 290 280
268 285 282
269 277 289
269 289 283
270 278 291
270 291 281
271 279 292
271 292 284
272 283 293
272 293 285
273 281 294
273 294 288
274 284 295
274 295 286
275 282 296
275 296 287
276 286 299
276 299 290
277 288 298
277 298 289
278 300 291
279 287 301
279 301 292
280 290 302
281 291 304
281 304 294
282 285 297
282 297 308
282 308 296
283 289 305
283 305 293
284 292 303
284 303 295
285 293 309
285 309 297
286 295 307
286 307 299
287 296 310
287 310 301
288 294 306
288 306 298
289 298 314
289 314 305
290 299 311
290 311 302
291 300 313
291 313 304
292 301 312
292 312 303
293 305 315
293 315 309
294 304 317
294 317 306
295 303 316
295 316 307
296 308 323
296 323 310
297 309 321
297 321 308
298 306 322
298 322 314
299 307 320
299 320 311
300 319 313
301 310 318
301 318 312
302 311 324
303 312 326
303 326 316
304 313 327
304 327 317
305 314 325
305 325 315
306 317 330
306 330 322
307 316 328
307 328 320
308 321 339
308 339 323
309 315 329
309 329 321
310 323 331
310 331 318
311 320 332
311 332 324
312 318 334
312 334 326
313 319 335
313 335 327
314 322 333
314 333 325
315 325 338
315 338 329
316 326 336
316 336 328
317 327 337
317 337 330
318 331 346
318 346 334
319 343 335
320 328 340
320 340 332
321 329 341
321 341 339
322 330 342
322 342 333
323 339 349
323 349 331
324 332 344
325 333 348
325 348 338
326 334 345
326 345 336
327 335 347
327 347 337
328 336 350
328 350 340
329 338 351
329 351 341
330 337 352
330 352 342
331 349 346
332 340 353
332 353 344
333 342 356
333 356 348
334 346 357
334 357 345
335 343 354
335 354 347
336 345 358
336 358 350
337 347 360
337 360 352
338 348 359
338 359 351
339 341 355
339 355 367
339 367 349
340 350 361
340 361 353
341 351 362
341 362 355
342 352 365
342 365 356
343 364 354
344 353 366
345 357 370
345 370 358
346 349 363
346 363 375
346 375 357
347 354 369
347 369 360
348 356 368
348 368 359
349 367 363
350 358 371
350 371 361
351 359 372
351 372 362
352 360 374
352 374 365
353 361 373
353 373 366
354 364 377
354 377 369
355 362 382
355 382 367
356 365 376
356 376 368
357 375 370
358 370 383
358 383 371
359 368 379
359 379 372
360 369 380
360 380 374
361 371 381
361 381 373
362 372 385
362 385 382
363 367 378
363 378 390
363 390 375
364 386 377
365 374 387
365 387 376
366 373 384
367 382 378
368 376 391
368 391 379
369 377 389
369 389 380
370 375 388
370 388 383
371 383 392
371 392 381
372 379 394
372 394 385
373 381 393
373 393 384
374 380 395
374 395 387
375 390 388
376 387 398
376 398 391
377 386 397
377 397 389
378 382 396
378 396 408
378 408 390
379 391 402
379 402 394
380 389 403
380 403 395
381 392 401
381 401 393
382 385 400
382 400 396
383 388 399
383 399 410
383 410 392
384 393 405
385 394 406
385 406 400
386 407 397
387 395 409
387 409 398
388 390 404
388 404 399
389 397 412
389 412 403
390 408 404
391 398 411
391 411 402
392 410 418
392 418 401
393 401 413
393 413 405
394 402 415
394 415 406
395 403 416
395 416 409
396 400 414
396 414 425
396 425 408
397 407 419
397 419 412
398 409 421
398 421 411
399 404 417
399 417 426
399 426 410
400 406 422
400 422 414
401 418 431
401 431 413
402 411 424
402 424 415
403 412 423
403 423 416
404 408 420
404 420 417
405 413 427
406 415 428
406 428 422
407 429 419
408 425 420
409 416 430
409 430 421
410 426 436
410 436 418
411 421 433
411 433 424
412 419 432
412 432 423
413 431 427
414 422 437
414 437 425
415 424 435
415 435 428
416 423 438
416 438 430
417 420 434
417 434 442
417 442 426
418 436 447
418 447 431
419 429 440
419 440 432
420 425 439
420 439 434
421 430 441
421 441 433
422 428 449
422 449 454
422 454 437
423 432 445
423 445 438
424 433 444
424 444 435
425 437 446
425 446 439
426 442 453
426 453 436
427 431 443
428 435 449
429 448 440
430 438 451
430 451 441
431 447 450
431 450 443
432 440 455
432 455 445
433 441 456
433 456 444
434 439 452
434 452 461
434 461 442
435 444 459
435 459 449
436 453 447
437 454 446
438 445 457
438 457 451
439 446 458
439 458 452
440 448 462
440 462 455
441 451 463
441 463 456
442 461 469
442 469 453
443 450 460
444 456 468
444 468 459
445 455 467
445 467 457
446 454 466
446 466 458
447 453 465
447 465 464
447 464 450
448 470 462
449 459 472
449 472 454
450 464 460
451 457 471
451 471 463
452 458 473
452 473 461
453 469 465
454 472 487
454 487 481
454 481 466
455 462 474
455 474 467
456 463 475
456 475 468
457 467 478
457 478 471
458 466 477
458 477 473
459 468 480
459 480 472
460 464 476
461 473 479
461 479 469
462 470 482
462 482 474
463 471 486
463 486 475
464 465 484
464 484 485
464 485 476
465 469 483
465 483 484
466 481 495
466 495 477
467 474 488
467 488 478
468 475 490
468 490 480
469 479 489
469 489 483
470 491 482
471 478 493
471 493 486
472 480 497
472 497 487
473 477 492
473 492 479
474 482 496
474 496 488
475 486 498
475 498 490
476 485 494
477 495 492
478 488 501
478 501 493
479 492 500
479 500 489
480 490 503
480 503 497
481 487 505
481 505 509
481 509 495
482 491 502
482 502 496
483 489 514
483 514 506
483 506 484
484 506 499
484 499 485
485 499 494
486 493 504
486 504 498
487 497 505
488 496 510
488 510 501
489 500 508
489 508 514
490 498 513
490 513 503
491 512 502
492 495 507
492 507 517
492 517 500
493 501 515
493 515 504
494 499 511
495 509 507
496 502 518
496 518 510
497 503 516
497 516 505
498 504 520
498 520 513
499 506 524
499 524 519
499 519 511
500 517 523
500 523 508
501 510 522
501 522 515
502 512 525
502 525 518
503 513 526
503 526 516
504 515 528
504 528 520
505 516 527
505 527 535
505 535 509
506 514 532
506 532 524
507 509 521
507 521 529
507 529 517
508 523 534
508 534 514
509 535 521
510 518 531
510 531 522
511 519 530
512 533 525
513 520 536
513 536 526
514 534 532
515 522 537
515 537 528
516 526 546
516 546 527
517 529 540
517 540 523
518 525 539
518 539 531
519 524 538
519 538 530
520 528 542
520 542 536
521 535 541
521 541 529
522 531 544
522 544 537
523 540 543
523 543 534
524 532 545
524 545 538
525 533 547
525 547 539
526 536 552
526 552 546
527 546 535
528 537 549
528 549 542
529 541 548
529 548 540
530 538 550
531 539 553
531 553 544
532 534 551
532 551 545
533 554 547
534 543 557
534 557 551
535 546 555
535 555 541
536 542 552
537 544 556
537 556 549
538 545 559
538 559 550
539 547 561
539 561 553
540 548 558
540 558 563
540 563 543
541 555 560
541 560 548
542 549 562
542 562 569
542 569 552
543 563 557
544 553 566
544 566 556
545 551 565
545 565 559
546 552 564
546 564 567
546 567 555
547 554 568
547 568 561
548 560 570
548 570 558
549 556 571
549 571 562
550 559 572
551 557 573
551 573 565
552 569 582
552 582 564
553 561 575
553 575 566
554 574 568
555 567 576
555 576 560
556 566 578
556 578 571
557 563 579
557 579 573
558 570 580
558 580 583
558 583 563
559 565 577
559 577 572
560 576 590
560 590 570
561 568 581
561 581 575
562 571 586
562 586 569
563 583 579
564 582 585
564 585 567
565 573 584
565 584 577
566 575 588
566 588 578
567 585 589
567 589 576
568 574 587
568 587 581
569 586 582
570 590 598
570 598 580
571 578 604
571 604 586
572 577 591
573 579 592
573 592 584
574 594 587
575 581 593
575 593 588
576 589 599
576 599 590
577 584 595
577 595 591
578 588 607
578 607 604
579 583 596
579 596 592
580 598 583
581 587 600
581 600 593
582 586 597
582 597 601
582 601 585
583 598 602
583 602 596
584 592 605
584 605 595
585 601 608
585 608 589
586 604 606
586 606 597
587 594 609
587 609 600
588 593 610
588 610 607
589 608 599
590 599 603
590 603 598
591 595 612
592 596 611
592 611 605
593 600 620
593 620 610
594 613 609
595 605 619
595 619 612
596 602 615
596 615 611
597 606 618
597 618 621
597 621 601
598 603 617
598 617 622
598 622 602
599 608 616
599 616 614
599 614 603
600 609 627
600 627 620
601 621 624
601 624 608
602 622 615
603 614 630
603 630 617
604 607 625
604 625 626
604 626 606
605 611 623
605 623 619
606 626 618
607 610 628
607 628 625
608 624 616
609 613 627
610 620 645
610 645 628
611 615 631
611 631 623
612 619 632
613 629 627
614 616 633
614 633 630
615 622 634
615 634 631
616 624 635
616 635 633
617 630 639
617 639 622
618 626 636
618 636 640
618 640 621
619 623 638
619 638 632
620 627 637
620 637 645
621 640 644
621 644 624
622 639 647
622 647 634
623 631 646
623 646 638
624 644 635
625 628 641
625 641 643
625 643 626
626 643 636
627 629 642
627 642 637
628 645 641
629 650 642
630 633 651
630 651 648
630 648 639
631 634 649
631 649 646
632 638 652
633 635 654
633 654 651
634 647 656
634 656 649
635 644 663
635 663 654
636 643 661
636 661 655
636 655 640
637 642 653
637 653 659
637 659 645
638 646 657
638 657 652
639 648 666
639 666 647
640 655 660
640 660 644
641 645 662
641 662 658
641 658 643
642 650 664
642 664 653
643 658 661
644 660 663
645 659 662
646 649 665
646 665 657
647 666 678
647 678 656
648 651 667
648 667 666
649 656 670
649 670 665
650 668 664
651 654 669
651 669 667
652 657 671
653 664 674
653 674 677
653 677 659
654 663 682
654 682 669
655 661 673
655 673 672
655 672 660
656 678 681
656 681 670
657 665 683
657 683 671
658 662 680
658 680 676
658 676 661
659 677 675
659 675 662
660 672 679
660 679 663
661 676 673
662 675 680
663 679 682
664 668 674
665 670 685
665 685 683
666 667 686
666 686 684
666 684 678
667 669 687
667 687 686
668 688 690
668 690 674
669 682 687
670 681 694
670 694 685
671 683 689
672 673 692
672 692 691
672 691 679
673 676 695
673 695 692
674 690 696
674 696 677
675 677 697
675 697 693
675 693 680
676 680 698
676 698 695
677 696 697
678 684 701
678 701 681
679 691 699
679 699 682
680 693 698
681 701 694
682 699 700
682 700 687
683 685 702
683 702 689
684 686 703
684 703 701
685 694 704
685 704 702
686 687 705
686 705 703
687 700 706
687 706 705
689 702 707
694 701 708
694 708 704
699 709 700
700 709 722
700 722 706
701 703 710
701 710 708
702 704 711
702 711 707
703 705 712
703 712 710
704 708 715
704 715 711
705 706 713
705 713 712
706 722 713
707 711 725
708 710 726
708 726 715
709 721 722
710 712 727
710 727 726
711 715 729
711 729 725
712 713 730
712 730 740
712 740 727
713 722 731
713 731 742
713 742 730
714 728 732
714 732 716
715 726 738
715 738 729
716 732 733
716 733 717
717 733 735
717 735 718
718 735 734
718 734 720
719 723 736
719 736 741
719 741 721
720 734 737
720 737 724
721 741 743
721 743 722
722 743 731
723 724 739
723 739 736
724 737 739
725 729 744
726 727 745
726 745 738
727 740 749
727 749 745
728 746 732
729 738 748
729 748 744
730 742 747
730 747 740
731 743 754
731 754 742
732 746 758
732 758 733
733 758 750
733 750 735
734 735 751
734 751 753
734 753 737
735 750 751
736 739 757
736 757 752
736 752 741
737 753 755
737 755 739
738 745 756
738 756 748
739 755 757
740 747 762
740 762 749
741 752 759
741 759 743
742 754 760
742 760 747
743 759 761
743 761 754
744 748 764
745 749 763
745 763 756
746 765 758
747 760 769
747 769 762
748 756 766
748 766 764
749 762 772
749 772 763
750 758 768
750 768 767
750 767 751
751 767 775
751 775 753
752 757 771
752 771 777
752 777 759
753 775 770
753 770 755
754 761 776
754 776 779
754 779 760
755 770 773
755 773 757
756 763 774
756 774 766
757 773 771
758 765 780
758 780 768
759 777 778
759 778 761
760 779 769
761 778 776
762 769 781
762 781 772
763 772 782
763 782 774
764 766 783
765 784 780
766 774 787
766 787 783
767 768 793
767 793 775
768 780 789
768 789 793
769 779 786
769 786 781
770 775 788
770 788 791
770 791 773
771 773 785
771 785 792
771 792 777
772 781 790
772 790 782
773 791 785
774 782 797
774 797 787
775 793 800
775 800 788
776 778 796
776 796 795
776 795 779
777 792 794
777 794 778
778 794 796
779 795 786
780 784 798
780 798 789
781 786 799
781 799 790
782 790 805
782 805 797
783 787 802
784 801 798
785 791 804
785 804 810
785 810 792
786 795 809
786 809 803
786 803 799
787 797 808
787 808 802
788 800 807
788 807 791
789 798 806
789 806 793
790 799 814
790 814 805
791 807 817
791 817 804
792 810 812
792 812 794
793 806 816
793 816 800
794 812 813
794 813 796
795 796 811
795 811 809
796 813 811
797 805 818
797 818 808
798 801 820
798 820 815
798 815 806
799 803 819
799 819 814
800 816 826
800 826 807
802 808 821
803 809 825
803 825 832
803 832 819
804 817 822
804 822 810
805 814 824
805 824 818
806 815 823
806 823 816
807 826 837
807 837 817
808 818 828
808 828 821
809 811 829
809 829 825
810 822 827
810 827 812
811 813 833
811 833 829
812 827 830
812 830 813
813 830 833
814 819 834
814 834 824
815 820 831
815 831 823
816 823 836
816 836 826
817 837 835
817 835 822
818 824 838
818 838 828
819 832 834
820 839 831
821 828 840
822 835 841
822 841 827
823 831 842
823 842 836
824 834 843
824 843 838
825 829 848
825 848 845
825 845 832
826 836 852
826 852 837
827 841 846
827 846 830
828 838 847
828 847 840
829 833 851
829 851 848
830 846 849
830 849 833
831 839 850
831 850 842
832 845 844
832 844 834
833 849 851
834 844 855
834 855 843
835 837 852
835 852 862
835 862 858
835 858 841
836 842 853
836 853 859
836 859 852
838 843 854
838 854 847
839 856 850
840 847 857
841 858 846
842 850 861
842 861 853
843 855 867
843 867 854
844 845 860
844 860 855
845 848 864
845 864 873
845 873 860
846 858 863
846 863 866
846 866 849
847 854 865
847 865 857
848 851 868
848 868 864
849 866 868
849 868 851
850 856 869
850 869 861
852 859 871
852 871 862
853 861 870
853 870 859
854 867 874
854 874 865
855 860 872
855 872 867
856 876 869
857 865 877
858 862 875
858 875 863
859 870 880
859 880 871
860 873 881
860 881 872
861 869 878
861 878 870
862 871 879
862 879 875
863 875 885
863 885 866
864 868 882
864 882 873
865 874 883
865 883 877
866 885 886
866 886 868
867 872 884
867 884 874
868 886 888
868 888 882
869 876 887
869 887 878
870 878 889
870 889 880
871 880 890
871 890 879
872 881 894
872 894 884
873 882 891
873 891 881
874 884 892
874 892 883
875 879 893
875 893 885
876 895 887
877 883 896
878 887 897
878 897 889
879 890 908
879 908 893
880 889 898
880 898 890
881 891 902
881 902 894
882 888 900
882 900 891
883 892 903
883 903 896
884 894 911
884 911 899
884 899 892
885 893 901
885 901 906
885 906 886
886 906 904
886 904 888
887 895 905
887 905 897
888 904 900
889 897 907
889 907 898
890 898 909
890 909 908
891 900 910
891 910 902
892 899 912
892 912 903
893 908 916
893 916 901
894 902 913
894 913 911
895 914 905
896 903 915
897 905 918
897 918 907
898 907 919
898 919 909
899 911 921
899 921 912
900 904 917
900 917 910
901 916 922
901 922 906
902 910 920
902 920 913
903 912 923
903 923 915
904 906 924
904 924 917
905 914 927
905 927 918
906 922 932
906 932 924
907 918 926
907 926 919
908 909 928
908 928 916
909 919 930
909 930 928
910 917 925
910 925 920
911 913 929
911 929 921
912 921 934
912 934 923
913 920 933
913 933 929
914 935 927
915 923 931
916 928 936
916 936 922
917 924 938
917 938 925
918 927 937
918 937 926
919 926 940
919 940 930
920 925 939
920 939 933
921 929 942
921 942 934
922 936 943
922 943 932
923 934 941
923 941 931
924 932 950
924 950 938
925 938 944
925 944 939
926 937 949
926 949 940
927 935 946
927 946 937
928 930 945
928 945 936
929 933 947
929 947 942
930 940 948
930 948 945
931 941 951
932 943 950
933 939 952
933 952 947
934 942 953
934 953 941
935 954 946
936 945 955
936 955 943
937 946 956
937 956 949
938 950 963
938 963 958
938 958 944
939 944 957
939 957 952
940 949 959
940 959 948
941 953 962
941 962 951
942 947 960
942 960 953
943 955 961
943 961 950
944 958 965
944 965 957
945 948 964
945 964 955
946 954 966
946 966 956
947 952 967
947 967 960
948 959 964
949 956 968
949 968 959
950 961 969
950 969 963
951 962 970
952 957 976
952 976 967
953 960 971
953 971 962
954 973 966
955 964 972
955 972 977
955 977 961
956 966 975
956 975 968
957 965 983
957 983 976
958 963 974
958 974 965
959 968 978
959 978 980
959 980 964
960 967 979
960 979 971
961 977 969
962 971 981
962 981 970
963 969 982
963 982 974
964 980 989
964 989 972
965 974 991
965 991 983
966 973 984
966 984 975
967 976 987
967 987 979
968 975 988
968 988 978
969 977 985
969 985 982
970 981 990
971 979 995
971 995 986
971 986 981
972 989 992
972 992 977
973 993 984
974 982 999
974 999 1001
974 1001 991
975 984 996
975 996 988
976 983 994
976 994 987
977 992 1003
977 1003 985
978 988 997
978 997 980
979 987 1005
979 1005 995
980 997 998
980 998 989
981 986 1000
981 1000 990
982 985 1004
982 1004 999
983 991 1002
983 1002 994
984 993 1006
984 1006 996
985 1003 1004
986 995 1008
986 1008 1000
987 994 1011
987 1011 1005
988 996 1007
988 1007 997
989 998 1009
989 1009 992
990 1000 1010
991 1001 1013
991 1013 1002
992 1009 1012
992 1012 1003
993 1014 1006
994 1002 1019
994 1019 1011
995 1005 1017
995 1017 1008
996 1006 1016
996 1016 1007
997 1007 1015
997 1015 998
998 1015 1027
998 1027 1009
999 1004 1018
999 1018 1001
1000 1008 1020
1000 1020 1010
1001 1018 1021
1001 1021 1013
1002 1013 1029
1002 1029 1019
1003 1012 1023
1003 1023 1022
1003 1022 1004
1004 1022 1018
1005 1011 1024
1005 1024 1017
1006 1014 1025
1006 1025 1016
1007 1016 1026
1007 1026 1015
1008 1017 1030
1008 1030 1020
1009 1027 1028
1009 1028 1012
1010 1020 1032
1011 1019 1033
1011 1033 1024
1012 1028 1023
1013 1021 1038
1013 1038 1029
1014 1031 1025
1015 1026 1035
1015 1035 1027
1016 1025 1034
1016 1034 1026
1017 1024 1036
1017 1036 1030
1018 1022 1037
1018 1037 1021
1019 1029 1042
1019 1042 1033
1020 1030 1040
1020 1040 1032
1021 1037 1046
1021 1046 1038
1022 1023 1039
1022 1039 1037
1023 1028 1041
1023 1041 1039
1024 1033 1044
1024 1044 1036
1025 1031 1043
1025 1043 1034
1026 1034 1045
1026 1045 1035
1027 1035 1054
1027 1054 1047
1027 1047 1028
1028 1047 1041
1029 1038 1049
1029 1049 1042
1030 1036 1048
1030 1048 1040
1031 1050 1043
1032 1040 1051
1033 1042 1052
1033 1052 1044
1034 1043 1061
1034 1061 1045
1035 1045 1063
1035 1063 1054
1036 1044 1055
1036 1055 1048
1037 1039 1053
1037 1053 1046
1038 1046 1058
1038 1058 1049
1039 1041 1056
1039 1056 1053
1040 1048 1059
1040 1059 1051
1041 1047 1057
1041 1057 1056
1042 1049 1062
1042 1062 1052
1043 1050 1060
1043 1060 1068
1043 1068 1061
1044 1052 1064
1044 1064 1055
1045 1061 1063
1046 1053 1067
1046 1067 1058
1047 1054 1065
1047 1065 1057
1048 1055 1066
1048 1066 1059
1049 1058 1071
1049 1071 1062
1050 1069 1060
1051 1059 1070
1052 1062 1074
1052 1074 1064
1053 1056 1072
1053 1072 1067
1054 1063 1073
1054 1073 1065
1055 1064 1076
1055 1076 1066
1056 1057 1075
1056 1075 1072
1057 1065 1077
1057 1077 1075
1058 1067 1082
1058 1082 1071
1059 1066 1078
1059 1078 1070
1060 1069 1079
1060 1079 1068
1061 1068 1080
1061 1080 1063
1062 1071 1081
1062 1081 1074
1063 1080 1083
1063 1083 1073
1064 1074 1085
1064 1085 1076
1065 1073 1084
1065 1084 1077
1066 1076 1086
1066 1086 1078
1067 1072 1087
1067 1087 1082
1068 1079 1090
1068 1090 1080
1069 1088 1079
1070 1078 1089
1071 1082 1091
1071 1091 1081
1072 1075 1092
1072 1092 1087
1073 1083 1093
1073 1093 1084
1074 1081 1094
1074 1094 1085
1075 1077 1095
1075 1095 1092
1076 1085 1097
1076 1097 1086
1077 1084 1096
1077 1096 1095
1078 1086 1098
1078 1098 1089
1079 1088 1101
1079 1101 1090
1080 1090 1099
1080 1099 1083
1081 1091 1102
1081 1102 1094
1082 1087 1100
1082 1100 1091
1083 1099 1108
1083 1108 1093
1084 1093 1103
1084 1103 1096
1085 1094 1104
1085 1104 1097
1086 1097 1107
1086 1107 1098
1087 1092 1106
1087 1106 1100
1088 1105 1101
1089 1098 1110
1090 1101 1109
1090 1109 1099
1091 1100 1111
1091 1111 1102
1092 1095 1112
1092 1112 1106
1093 1108 1103
1094 1102 1114
1094 1114 1104
1095 1096 1113
1095 1113 1112
1096 1103 1115
1096 1115 1113
1097 1104 1116
1097 1116 1107
1098 1107 1118
1098 1118 1110
1099 1109 1120
1099 1120 1108
1100 1106 1119
1100 1119 1111
1101 1105 1123
1101 1123 1117
1101 1117 1109
1102 1111 1122
1102 1122 1114
1103 1108 1121
1103 1121 1115
1104 1114 1124
1104 1124 1116
1106 1112 1125
1106 1125 1119
1107 1116 1126
1107 1126 1118
1108 1120 1132
1108 1132 1121
1109 1117 1128
1109 1128 1120
1110 1118 1129
1111 1119 1130
1111 1130 1122
1112 1113 1127
1112 1127 1125
1113 1115 1131
1113 1131 1127
1114 1122 1134
1114 1134 1124
1115 1121 1133
1115 1133 1131
1116 1124 1136
1116 1136 1126
1117 1123 1135
1117 1135 1143
1117 1143 1128
1118 1126 1137
1118 1137 1129
1119 1125 1138
1119 1138 1130
1120 1128 1139
1120 1139 1132
1121 1132 1141
1121 1141 1133
1122 1130 1140
1122 1140 1134
1123 1144 1135
1124 1134 1145
1124 1145 1136
1125 1127 1142
1125 1142 1146
1125 1146 1138
1126 1136 1149
1126 1149 1137
1127 1131 1147
1127 1147 1142
1128 1143 1139
1129 1137 1150
1130 1138 1152
1130 1152 1140
1131 1133 1148
1131 1148 1147
1132 1139 1151
1132 1151 1141
1133 1141 1157
1133 1157 1148
1134 1140 1153
1134 1153 1145
1135 1144 1155
1135 1155 1143
1136 1145 1154
1136 1154 1149
1137 1149 1158
1137 1158 1150
1138 1146 1163
1138 1163 1152
1139 1143 1156
1139 1156 1168
1139 1168 1151
1140 1152 1164
1140 1164 1153
1141 1151 1166
1141 1166 1157
1142 1147 1159
1142 1159 1160
1142 1160 1146
1143 1155 1167
1143 1167 1156
1144 1165 1155
1145 1153 1162
1145 1162 1154
1146 1160 1163
1147 1148 1161
1147 1161 1159
1148 1157 1171
1148 1171 1161
1149 1154 1169
1149 1169 1158
1150 1158 1170
1151 1168 1166
1152 1163 1176
1152 1176 1164
1153 1164 1172
1153 1172 1162
1154 1162 1174
1154 1174 1169
1155 1165 1175
1155 1175 1167
1156 1167 1177
1156 1177 1168
1157 1166 1180
1157 1180 1171
1158 1169 1179
1158 1179 1170
1159 1161 1178
1159 1178 1186
1159 1186 1160
1160 1186 1173
1160 1173 1163
1161 1171 1188
1161 1188 1178
1162 1172 1185
1162 1185 1174
1163 1173 1189
1163 1189 1176
1164 1176 1182
1164 1182 1172
1165 1183 1175
1166 1168 1181
1166 1181 1180
1167 1175 1184
1167 1184 1177
1168 1177 1191
1168 1191 1181
1169 1174 1187
1169 1187 1179
1170 1179 1190
1171 1180 1196
1171 1196 1188
1172 1182 1194
1172 1194 1185
1173 1186 1200
1173 1200 1189
1174 1185 1193
1174 1193 1187
1175 1183 1192
1175 1192 1184
1176 1189 1195
1176 1195 1182
1177 1184 1201
1177 1201 1191
1178 1188 1199
1178 1199 1186
1179 1187 1198
1179 1198 1190
1180 1181 1197
1180 1197 1196
1181 1191 1205
1181 1205 1197
1182 1195 1209
1182 1209 1194
1183 1202 1192
1184 1192 1208
1184 1208 1201
1185 1194 1203
1185 1203 1193
1186 1199 1212
1186 1212 1200
1187 1193 1204
1187 1204 1198
1188 1196 1210
1188 1210 1199
1189 1200 1206
1189 1206 1195
1190 1198 1207
1191 1201 1215
1191 1215 1205
1192 1202 1217
1192 1217 1208
1193 1203 1214
1193 1214 1204
1194 1209 1213
1194 1213 1203
1195 1206 1218
1195 1218 1209
1196 1197 1211
1196 1211 1210
1197 1205 1221
1197 1221 1211
1198 1204 1216
1198 1216 1207
1199 1210 1220
1199 1220 1212
1200 1212 1219
1200 1219 1206
1201 1208 1225
1201 1225 1215
1202 1222 1217
1203 1213 1223
1203 1223 1214
1204 1214 1227
1204 1227 1216
1205 1215 1229
1205 1229 1221
1206 1219 1230
1206 1230 1218
1207 1216 1228
1208 1217 1225
1209 1218 1226
1209 1226 1213
1210 1211 1224
1210 1224 1220
1211 1221 1233
1211 1233 1224
1212 1220 1237
1212 1237 1219
1213 1226 1232
1213 1232 1223
1214 1223 1234
1214 1234 1227
1215 1225 1238
1215 1238 1229
1216 1227 1236
1216 1236 1228
1217 1222 1231
1217 1231 1225
1218 1230 1239
1218 1239 1226
1219 1237 1240
1219 1240 1230
1220 1224 1235
1220 1235 1249
1220 1249 1237
1221 1229 1242
1221 1242 1233
1222 1241 1231
1223 1232 1243
1223 1243 1234
1224 1233 1248
1224 1248 1235
1225 1231 1246
1225 1246 1238
1226 1239 1247
1226 1247 1232
1227 1234 1245
1227 1245 1236
1228 1236 1244
1229 1238 1252
1229 1252 1242
1230 1240 1251
1230 1251 1239
1231 1241 1250
1231 1250 1246
1232 1247 1258
1232 1258 1243
1233 1242 1248
1234 1243 1257
1234 1257 1245
1235 1248 1253
1235 1253 1249
1236 1245 1256
1236 1256 1244
1237 1249 1254
1237 1254 1240
1238 1246 1260
1238 1260 1252
1239 1251 1255
1239 1255 1247
1240 1254 1264
1240 1264 1251
1241 1259 1250
1242 1252 1273
1242 1273 1268
1242 1268 1248
1243 1258 1269
1243 1269 1257
1244 1256 1263
1245 1257 1267
1245 1267 1256
1246 1250 1261
1246 1261 1260
1247 1255 1265
1247 1265 1258
1248 1268 1262
1248 1262 1253
1249 1253 1266
1249 1266 1254
1250 1259 1271
1250 1271 1261
1251 1264 1270
1251 1270 1255
1252 1260 1273
1253 1262 1272
1253 1272 1266
1254 1266 1275
1254 1275 1264
1255 1270 1279
1255 1279 1265
1256 1267 1274
1256 1274 1263
1257 1269 1281
1257 1281 1267
1258 1265 1277
1258 1277 1269
1259 1278 1271
1260 1261 1276
1260 1276 1280
1260 1280 1273
1261 1271 1286
1261 1286 1276
1262 1268 1282
1262 1282 1272
1263 1274 1284
1264 1275 1283
1264 1283 1270
1265 1279 1277
1266 1272 1285
1266 1285 1275
1267 1281 1288
1267 1288 1274
1268 1273 1287
1268 1287 1282
1269 1277 1289
1269 1289 1281
1270 1283 1290
1270 1290 1279
1271 1278 1293
1271 1293 1286
1272 1282 1291
1272 1291 1285
1273 1280 1294
1273 1294 1287
1274 1288 1298
1274 1298 1284
1275 1285 1295
1275 1295 1283
1276 1286 1296
1276 1296 1280
1277 1279 1292
1277 1292 1304
1277 1304 1289
1278 1297 1293
1279 1290 1299
1279 1299 1292
1280 1296 1307
1280 1307 1294
1281 1289 1300
1281 1300 1288
1282 1287 1301
1282 1301 1291
1283 1295 1305
1283 1305 1290
1284 1298 1302
1285 1291 1303
1285 1303 1295
1286 1293 1306
1286 1306 1296
1287 1294 1308
1287 1308 1301
1288 1300 1309
1288 1309 1298
1289 1304 1314
1289 1314 1300
1290 1305 1316
1290 1316 1299
1291 1301 1310
1291 1310 1303
1292 1299 1312
1292 1312 1304
1293 1297 1313
1293 1313 1306
1294 1307 1321
1294 1321 1308
1295 1303 1311
1295 1311 1305
1296 1306 1318
1296 1318 1307
1297 1315 1313
1298 1309 1317
1298 1317 1302
1299 1316 1312
1300 1314 1320
1300 1320 1309
1301 1308 1319
1301 1319 1310
1302 1317 1324
1303 1310 1322
1303 1322 1311
1304 1312 1323
1304 1323 1314
1305 1311 1325
1305 1325 1316
1306 1313 1326
1306 1326 1318
1307 1318 1334
1307 1334 1321
1308 1321 1337
1308 1337 1319
1309 1320 1328
1309 1328 1317
1310 1319 1330
1310 1330 1322
1311 1322 1331
1311 1331 1325
1312 1316 1329
1312 1329 1323
1313 1315 1327
1313 1327 1338
1313 1338 1326
1314 1323 1332
1314 1332 1320
1315 1333 1327
1316 1325 1336
1316 1336 1329
1317 1328 1335
1317 1335 1324
1318 1326 1341
1318 1341 1334
1319 1337 1344
1319 1344 1330
1320 1332 1339
1320 1339 1328
1321 1334 1349
1321 1349 1337
1322 1330 1342
1322 1342 1331
1323 1329 1340
1323 1340 1348
1323 1348 1332
1324 1335 1343
1325 1331 1352
1325 1352 1345
1325 1345 1336
1326 1338 1341
1327 1333 1347
1327 1347 1338
1328 1339 1346
1328 1346 1335
1329 1336 1351
1329 1351 1340
1330 1344 1354
1330 1354 1342
1331 1342 1350
1331 1350 1352
1332 1348 1360
1332 1360 1339
1333 1353 1347
1334 1341 1356
1334 1356 1349
1335 1346 1355
1335 1355 1343
1336 1345 1358
1336 1358 1351
1337 1349 1359
1337 1359 1344
1338 1347 1362
1338 1362 1357
1338 1357 1341
1339 1360 1363
1339 1363 1346
1340 1351 1361
1340 1361 1348
1341 1357 1356
1342 1354 1364
1342 1364 1350
1343 1355 1367
1344 1359 1368
1344 1368 1354
1345 1352 1365
1345 1365 1358
1346 1363 1366
1346 1366 1355
1347 1353 1370
1347 1370 1362
1348 1361 1371
1348 1371 1360
1349 1356 1369
1349 1369 1359
1350 1364 1374
1350 1374 1352
1351 1358 1372
1351 1372 1361
1352 1374 1365
1353 1376 1370
1354 1368 1375
1354 1375 1364
1355 1366 1377
1355 1377 1367
1356 1357 1373
1356 1373 1381
1356 1381 1369
1357 1362 1380
1357 1380 1373
1358 1365 1378
1358 1378 1372
1359 1369 1382
1359 1382 1368
1360 1371 1379
1360 1379 1363
1361 1372 1383
1361 1383 1371
1362 1370 1387
1362 1387 1380
1363 1379 1392
1363 1392 1385
1363 1385 1366
1364 1375 1386
1364 1386 1374
1365 1374 1388
1365 1388 1378
1366 1385 1377
1367 1377 1384
1368 1382 1391
1368 1391 1375
1369 1381 1389
1369 1389 1382
1370 1376 1390
1370 1390 1387
1371 1383 1397
1371 1397 1379
1372 1378 1393
1372 1393 1383
1373 1380 1394
1373 1394 1381
1374 1386 1395
1374 1395 1388
1375 1391 1400
1375 1400 1386
1376 1398 1390
1377 1385 1396
1377 1396 1384
1378 1388 1399
1378 1399 1393
1379 1397 1392
1380 1387 1401
1380 1401 1394
1381 1394 1403
1381 1403 1389
1382 1389 1404
1382 1404 1391
1383 1393 1402
1383 1402 1397
1384 1396 1405
1385 1392 1408
1385 1408 1396
1386 1400 1410
1386 1410 1395
1387 1390 1406
1387 1406 1401
1388 1395 1407
1388 1407 1399
1389 1403 1418
1389 1418 1404
1390 1398 1412
1390 1412 1406
1391 1404 1411
1391 1411 1400
1392 1397 1409
1392 1409 1408
1393 1399 1413
1393 1413 1402
1394 1401 1416
1394 1416 1403
1395 1410 1421
1395 1421 1407
1396 1408 1423
1396 1423 1414
1396 1414 1405
1397 1402 1415
1397 1415 1409
1398 1420 1412
1399 1407 1419
1399 1419 1413
1400 1411 1422
1400 1422 1410
1401 1406 1417
1401 1417 1416
1402 1413 1429
1402 1429 1415
1403 1416 1425
1403 1425 1418
1404 1418 1430
1404 1430 1411
1405 1414 1428
1406 1412 1427
1406 1427 1417
1407 1421 1426
1407 1426 1419
1408 1409 1424
1408 1424 1423
1409 1415 1431
1409 1431 1424
1410 1422 1434
1410 1434 1421
1411 1430 1435
1411 1435 1422
1412 1420 1432
1412 1432 1427
1413 1419 1433
1413 1433 1429
1414 1423 1436
1414 1436 1428
1415 1429 1438
1415 1438 1431
1416 1417 1439
1416 1439 1444
1416 1444 1425
1417 1427 1446
1417 1446 1439
1418 1425 1441
1418 1441 1430
1419 1426 1437
1419 1437 1433
1420 1443 1432
1421 1434 1442
1421 1442 1426
1422 1435 1450
1422 1450 1434
1423 1424 1440
1423 1440 1436
1424 1431 1448
1424 1448 1440
1425 1444 1441
1426 1442 1447
1426 1447 1437
1427 1432 1453
1427 1453 1446
1428 1436 1451
1429 1433 1445
1429 1445 1438
1430 1441 1449
1430 1449 1435
1431 1438 1455
1431 1455 1448
1432 1443 1453
1433 1437 1452
1433 1452 1445
1434 1450 1457
1434 1457 1442
1435 1449 1456
1435 1456 1450
1436 1440 1454
1436 1454 1451
1437 1447 1459
1437 1459 1452
1438 1445 1460
1438 1460 1455
1439 1446 1464
1439 1464 1461
1439 1461 1444
1440 1448 1463
1440 1463 1454
1441 1444 1458
1441 1458 1467
1441 1467 1449
1442 1457 1466
1442 1466 1447
1443 1462 1453
1444 1461 1458
1445 1452 1465
1445 1465 1460
1446 1453 1476
1446 1476 1464
1447 1466 1459
1448 1455 1470
1448 1470 1463
1449 1467 1475
1449 1475 1456
1450 1456 1469
1450 1469 1457
1451 1454 1473
1451 1473 1468
1452 1459 1472
1452 1472 1465
1453 1462 1471
1453 1471 1476
1454 1463 1483
1454 1483 1473
1455 1460 1474
1455 1474 1470
1456 1475 1469
1457 1469 1477
1457 1477 1484
1457 1484 1466
1458 1461 1480
1458 1480 1467
1459 1466 1481
1459 1481 1472
1460 1465 1479
1460 1479 1474
1461 1464 1482
1461 1482 1480
1462 1478 1471
1463 1470 1489
1463 1489 1483
1464 1476 1488
1464 1488 1482
1465 1472 1485
1465 1485 1479
1466 1484 1497
1466 1497 1481
1467 1480 1486
1467 1486 1475
1468 1473 1490
1469 1475 1487
1469 1487 1495
1469 1495 1477
1470 1474 1491
1470 1491 1489
1471 1478 1492
1471 1492 1476
1472 1481 1493
1472 1493 1485
1473 1483 1498
1473 1498 1490
1474 1479 1496
1474 1496 1491
1475 1486 1494
1475 1494 1487
1476 1492 1504
1476 1504 1488
1477 1495 1505
1477 1505 1484
1478 1501 1492
1479 1485 1499
1479 1499 1496
1480 1482 1500
1480 1500 1486
1481 1497 1493
1482 1488 1502
1482 1502 1500
1483 1489 1503
1483 1503 1498
1484 1505 1497
1485 1493 1506
1485 1506 1499
1486 1500 1508
1486 1508 1494
1487 1494 1507
1487 1507 1495
1488 1504 1502
1489 1491 1509
1489 1509 1503
1490 1498 1510
1491 1496 1513
1491 1513 1509
1492 1501 1511
1492 1511 1504
1493 1497 1512
1493 1512 1523
1493 1523 1506
1494 1508 1515
1494 1515 1507
1495 1507 1514
1495 1514 1505
1496 1499 1516
1496 1516 1513
1497 1505 1528
1497 1528 1526
1497 1526 1512
1498 1503 1519
1498 1519 1510
1499 1506 1517
1499 1517 1516
1500 1502 1520
1500 1520 1508
1501 1521 1511
1502 1504 1518
1502 1518 1520
1503 1509 1525
1503 1525 1519
1504 1511 1522
1504 1522 1518
1505 1514 1524
1505 1524 1528
1506 1523 1517
1507 1515 1527
1507 1527 1514
1508 1520 1529
1508 1529 1515
1509 1513 1530
1509 1530 1525
1510 1519 1532
1511 1521 1531
1511 1531 1522
1512 1526 1539
1512 1539 1523
1513 1516 1533
1513 1533 1530
1514 1527 1534
1514 1534 1524
1515 1529 1535
1515 1535 1527
1516 1517 1538
1516 1538 1533
1517 1523 1537
1517 1537 1538
1518 1522 1541
1518 1541 1536
1518 1536 1520
1519 1525 1540
1519 1540 1532
1520 1536 1542
1520 1542 1529
1521 1544 1531
1522 1531 1548
1522 1548 1541
1523 1539 1551
1523 1551 1537
1524 1534 1546
1524 1546 1528
1525 1530 1545
1525 1545 1540
1526 1528 1543
1526 1543 1558
1526 1558 1539
1527 1535 1547
1527 1547 1534
1528 1546 1556
1528 1556 1543
1529 1542 1550
1529 1550 1535
1530 1533 1549
1530 1549 1545
1531 1544 1564
1531 1564 1548
1532 1540 1553
1533 1538 1554
1533 1554 1549
1534 1547 1555
1534 1555 1546
1535 1550 1560
1535 1560 1547
1536 1541 1557
1536 1557 1562
1536 1562 1542
1537 1551 1552
1537 1552 1538
1538 1552 1554
1539 1558 1551
1540 1545 1559
1540 1559 1553
1541 1548 1567
1541 1567 1557
1542 1562 1572
1542 1572 1550
1543 1556 1573
1543 1573 1558
1544 1561 1564
1545 1549 1565
1545 1565 1559
1546 1555 1563
1546 1563 1556
1547 1560 1568
1547 1568 1555
1548 1564 1567
1549 1554 1571
1549 1571 1565
1550 1572 1578
1550 1578 1560
1551 1558 1569
1551 1569 1566
1551 1566 1552
1552 1566 1570
1552 1570 1554
1553 1559 1576
1554 1570 1577
1554 1577 1571
1555 1568 1579
1555 1579 1563
1556 1563 1574
1556 1574 1573
1557 1567 1575
1557 1575 1562
1558 1573 1583
1558 1583 1569
1559 1565 1581
1559 1581 1576
1560 1578 1589
1560 1589 1568
1561 1580 1564
1562 1575 1582
1562 1582 1572
1563 1579 1590
1563 1590 1574
1564 1580 1584
1564 1584 1567
1565 1571 1587
1565 1587 1581
1566 1569 1585
1566 1585 1586
1566 1586 1570
1567 1584 1591
1567 1591 1575
1568 1589 1579
1569 1583 1598
1569 1598 1585
1570 1586 1594
1570 1594 1577
1571 1577 1592
1571 1592 1587
1572 1582 1593
1572 1593 1578
1573 1574 1588
1573 1588 1599
1573 1599 1583
1574 1590 1588
1575 1591 1597
1575 1597 1582
1576 1581 1595
1577 1594 1592
1578 1593 1600
1578 1600 1589
1579 1589 1596
1579 1596 1590
1580 1601 1584
1581 1587 1602
1581 1602 1595
1582 1597 1609
1582 1609 1593
1583 1599 1598
1584 1601 1605
1584 1605 1591
1585 1598 1603
1585 1603 1586
1586 1603 1604
1586 1604 1594
1587 1592 1608
1587 1608 1602
1588 1590 1607
1588 1607 1617
1588 1617 1599
1589 1600 1611
1589 1611 1596
1590 1596 1606
1590 1606 1607
1591 1605 1613
1591 1613 1597
1592 1594 1610
1592 1610 1608
1593 1609 1612
1593 1612 1600
1594 1604 1618
1594 1618 1610
1595 1602 1616
1596 1611 1619
1596 1619 1606
1597 1613 1623
1597 1623 1609
1598 1599 1614
1598 1614 1615
1598 1615 1603
1599 1617 1614
1600 1612 1624
1600 1624 1611
1601 1620 1605
1602 1608 1621
1602 1621 1616
1603 1615 1622
1603 1622 1604
1604 1622 1618
1605 1620 1628
1605 1628 1613
1606 1619 1627
1606 1627 1607
1607 1627 1626
1607 1626 1617
1608 1610 1625
1608 1625 1621
1609 1623 1629
1609 1629 1612
1610 1618 1634
1610 1634 1625
1611 1624 1632
1611 1632 1619
1612 1629 1640
1612 1640 1624
1613 1628 1638
1613 1638 1623
1614 1617 1631
1614 1631 1630
1614 1630 1615
1615 1630 1633
1615 1633 1622
1616 1621 1636
1617 1626 1637
1617 1637 1631
1618 1622 1635
1618 1635 1634
1619 1632 1642
1619 1642 1627
1620 1641 1628
1621 1625 1639
1621 1639 1636
1622 1633 1645
1622 1645 1635
1623 1638 1643
1623 1643 1629
1624 1640 1647
1624 1647 1632
1625 1634 1648
1625 1648 1639
1626 1627 1644
1626 1644 1637
1627 1642 1644
1628 1641 1646
1628 1646 1638
1629 1643 1652
1629 1652 1640
1630 1631 1651
1630 1651 1653
1630 1653 1633
1631 1637 1650
1631 1650 1651
1632 1647 1657
1632 1657 1642
1633 1653 1645
1634 1635 1649
1634 1649 1648
1635 1645 1662
1635 1662 1649
1636 1639 1656
1637 1644 1655
1637 1655 1650
1638 1646 1654
1638 1654 1643
1639 1648 1658
1639 1658 1656
1640 1652 1661
1640 1661 1647
1641 1659 1646
1642 1657 1660
1642 1660 1644
1643 1654 1663
1643 1663 1652
1644 1660 1675
1644 1675 1655
1645 1653 1665
1645 1665 1662
1646 1659 1666
1646 1666 1654
1647 1661 1669
1647 1669 1657
1648 1649 1664
1648 1664 1672
1648 1672 1658
1649 1662 1677
1649 1677 1664
1650 1655 1667
1650 1667 1668
1650 1668 1651
1651 1668 1670
1651 1670 1653
1652 1663 1673
1652 1673 1661
1653 1670 1665
1654 1666 1676
1654 1676 1663
1655 1675 1679
1655 1679 1667
1656 1658 1671
1657 1669 1674
1657 1674 1660
1658 1672 1671
1659 1678 1666
1660 1674 1688
1660 1688 1675
1661 1673 1681
1661 1681 1669
1662 1665 1680
1662 1680 1677
1663 1676 1683
1663 1683 1673
1664 1677 1686
1664 1686 1672
1665 1670 1682
1665 1682 1680
1666 1678 1685
1666 1685 1676
1667 1679 1684
1667 1684 1668
1668 1684 1687
1668 1687 1670
1669 1681 1689
1669 1689 1674
1670 1687 1682
1671 1672 1690
1672 1686 1691
1672 1691 1690
1673 1683 1692
1673 1692 1681
1674 1689 1700
1674 1700 1688
1675 1688 1696
1675 1696 1679
1676 1685 1694
1676 1694 1683
1677 1680 1693
1677 1693 1686
1678 1695 1685
1679 1696 1698
1679 1698 1684
1680 1682 1697
1680 1697 1693
1681 1692 1701
1681 1701 1689
1682 1687 1699
1682 1699 1697
1683 1694 1705
1683 1705 1692
1684 1698 1702
1684 1702 1687
1685 1695 1706
1685 1706 1694
1686 1693 1703
1686 1703 1691
1687 1702 1699
1688 1700 1708
1688 1708 1696
1689 1701 1709
1689 1709 1700
1690 1691 1704
1691 1703 1707
1691 1707 1704
1692 1705 1710
1692 1710 1701
1693 1697 1717
1693 1717 1703
1694 1706 1716
1694 1716 1705
1695 1715 1706
1696 1708 1714
1696 1714 1698
1697 1699 1711
1697 1711 1722
1697 1722 1717
1698 1714 1713
1698 1713 1702
1699 1702 1712
1699 1712 1711
1700 1709 1718
1700 1718 1708
1701 1710 1719
1701 1719 1709
1702 1713 1724
1702 1724 1712
1703 1717 1730
1703 1730 1707
1704 1707 1721
1705 1716 1720
1705 1720 1710
1706 1715 1723
1706 1723 1716
1707 1730 1725
1707 1725 1721
1708 1718 1731
1708 1731 1729
1708 1729 1714
1709 1719 1734
1709 1734 1718
1710 1720 1732
1710 1732 1719
1711 1712 1726
1711 1726 1722
1712 1724 1726
1713 1714 1728
1713 1728 1724
1714 1729 1728
1715 1727 1723
1716 1723 1733
1716 1733 1720
1717 1722 1735
1717 1735 1730
1718 1734 1741
1718 1741 1731
1719 1732 1743
1719 1743 1734
1720 1733 1742
1720 1742 1732
1721 1725 1737
1722 1726 1736
1722 1736 1735
1723 1727 1739
1723 1739 1733
1724 1728 1740
1724 1740 1738
1724 1738 1726
1725 1730 1744
1725 1744 1737
1726 1738 1748
1726 1748 1736
1727 1746 1739
1728 1729 1745
1728 1745 1740
1729 1731 1752
1729 1752 1758
1729 1758 1745
1730 1735 1747
1730 1747 1744
1731 1741 1752
1732 1742 1753
1732 1753 1743
1733 1739 1749
1733 1749 1742
1734 1743 1751
1734 1751 1741
1735 1736 1750
1735 1750 1747
1736 1748 1750
1737 1744 1755
1738 1740 1754
1738 1754 1765
1738 1765 1748
1739 1746 1756
1739 1756 1749
1740 1745 1757
1740 1757 1754
1741 1751 1764
1741 1764 1752
1742 1749 1759
1742 1759 1753
1743 1753 1763
1743 1763 1751
1744 1747 1760
1744 1760 1755
1745 1758 1757
1746 1766 1756
1747 1750 1762
1747 1762 1760
1748 1765 1761
1748 1761 1750
1749 1756 1767
1749 1767 1759
1750 1761 1771
1750 1771 1762
1751 1763 1773
1751 1773 1764
1752 1764 1774
1752 1774 1758
1753 1759 1770
1753 1770 1763
1754 1757 1769
1754 1769 1765
1755 1760 1772
1756 1766 1775
1756 1775 1767
1757 1758 1768
1757 1768 1769
1758 1774 1784
1758 1784 1768
1759 1767 1778
1759 1778 1770
1760 1762 1776
1760 1776 1772
1761 1765 1777
1761 1777 1771
1762 1771 1776
1763 1770 1781
1763 1781 1773
1764 1773 1774
1765 1769 1779
1765 1779 1777
1766 1780 1775
1767 1775 1783
1767 1783 1778
1768 1784 1782
1768 1782 1769
1769 1782 1792
1769 1792 1779
1770 1778 1785
1770 1785 1781
1771 1777 1787
1771 1787 1786
1771 1786 1776
1772 1776 1789
1773 1781 1799
1773 1799 1794
1773 1794 1774
1774 1794 1788
1774 1788 1784
1775 1780 1790
1775 1790 1783
1776 1786 1793
1776 1793 1789
1777 1779 1791
1777 1791 1787
1778 1783 1795
1778 1795 1785
1779 1792 1791
1780 1798 1790
1781 1785 1796
1781 1796 1799
1782 1784 1797
1782 1797 1806
1782 1806 1792
1783 1790 1800
1783 1800 1795
1784 1788 1804
1784 1804 1797
1785 1795 1801
1785 1801 1796
1786 1787 1813
1786 1813 1807
1786 1807 1793
1787 1791 1802
1787 1802 1813
1788 1794 1804
1789 1793 1803
1790 1798 1808
1790 1808 1800
1791 1792 1805
1791 1805 1802
1792 1806 1805
1793 1807 1803
1794 1799 1810
1794 1810 1804
1795 1800 1809
1795 1809 1801
1796 1801 1812
1796 1812 1799
1797 1804 1815
1797 1815 1816
1797 1816 1806
1798 1811 1808
1799 1812 1822
1799 1822 1810
1800 1808 1817
1800 1817 1809
1801 1809 1818
1801 1818 1812
1802 1805 1814
1802 1814 1825
1802 1825 1813
1803 1807 1823
1803 1823 1820
1804 1810 1821
1804 1821 1815
1805 1806 1819
1805 1819 1814
1806 1816 1830
1806 1830 1819
1807 1813 1823
1808 1811 1824
1808 1824 1817
1809 1817 1827
1809 1827 1818
1810 1822 1821
1811 1829 1824
1812 1818 1826
1812 1826 1822
1813 1825 1828
1813 1828 1823
1814 1819 1831
1814 1831 1825
1815 1821 1833
1815 1833 1832
1815 1832 1816
1816 1832 1830
1817 1824 1834
1817 1834 1827
1818 1827 1838
1818 1838 1826
1819 1830 1841
1819 1841 1831
1820 1823 1835
1821 1822 1836
1821 1836 1833
1822 1826 1837
1822 1837 1836
1823 1828 1842
1823 1842 1835
1824 1829 1839
1824 1839 1834
1825 1831 1840
1825 1840 1843
1825 1843 1828
1826 1838 1852
1826 1852 1837
1827 1834 1845
1827 1845 1838
1828 1843 1842
1829 1846 1839
1830 1832 1847
1830 1847 1841
1831 1841 1851
1831 1851 1840
1832 1833 1853
1832 1853 1847
1833 1836 1844
1833 1844 1854
1833 1854 1853
1834 1839 1849
1834 1849 1845
1835 1842 1850
1836 1837 1848
1836 1848 1844
1837 1852 1860
1837 1860 1848
1838 1845 1858
1838 1858 1852
1839 1846 1857
1839 1857 1849
1840 1851 1856
1840 1856 1843
1841 1847 1859
1841 1859 1851
1842 1843 1855
1842 1855 1850
1843 1856 1855
1844 1848 1861
1844 1861 1854
1845 1849 1862
1845 1862 1858
1846 1863 1857
1847 1853 1864
1847 1864 1859
1848 1860 1870
1848 1870 1861
1849 1857 1866
1849 1866 1862
1850 1855 1871
1850 1871 1868
1851 1859 1875
1851 1875 1865
1851 1865 1856
1852 1858 1867
1852 1867 1860
1853 1854 1873
1853 1873 1864
1854 1861 1872
1854 1872 1873
1855 1856 1869
1855 1869 1871
1856 1865 1869
1857 1863 1876
1857 1876 1866
1858 1862 1874
1858 1874 1867
1859 1864 1878
1859 1878 1875
1860 1867 1877
1860 1877 1870
1861 1870 1880
1861 1880 1872
1862 1866 1879
1862 1879 1874
1863 1881 1876
1864 1873 1878
1865 1875 1887
1865 1887 1882
1865 1882 1869
1866 1876 1886
1866 1886 1879
1867 1874 1884
1867 1884 1877
1868 1871 1883
1869 1882 1894
1869 1894 1889
1869 1889 1871
1870 1877 1885
1870 1885 1880
1871 1889 1883
1872 1880 1895
1872 1895 1873
1873 1895 1888
1873 1888 1878
1874 1879 1891
1874 1891 1884
1875 1878 1892
1875 1892 1887
1876 1881 1893
1876 1893 1886
1877 1884 1890
1877 1890 1885
1878 1888 1900
1878 1900 1892
1879 1886 1897
1879 1897 1891
1880 1885 1896
1880 1896 1906
1880 1906 1895
1881 1898 1893
1882 1887 1901
1882 1901 1894
1883 1889 1899
1884 1891 1903
1884 1903 1890
1885 1890 1902
1885 1902 1896
1886 1893 1904
1886 1904 1897
1887 1892 1907
1887 1907 1901
1888 1895 1908
1888 1908 1900
1889 1894 1905
1889 1905 1899
1890 1903 1915
1890 1915 1902
1891 1897 1909
1891 1909 1903
1892 1900 1914
1892 1914 1907
1893 1898 1910
1893 1910 1904
1894 1901 1912
1894 1912 1905
1895 1906 1913
1895 1913 1908
1896 1902 1911
1896 1911 1906
1897 1904 1916
1897 1916 1909
1898 1917 1910
1899 1905 1918
1900 1908 1922
1900 1922 1914
1901 1907 1919
1901 1919 1912
1902 1915 1924
1902 1924 1911
1903 1909 1920
1903 1920 1915
1904 1910 1921
1904 1921 1916
1905 1912 1925
1905 1925 1918
1906 1911 1923
1906 1923 1913
1907 1914 1926
1907 1926 1919
1908 1913 1930
1908 1930 1922
1909 1916 1928
1909 1928 1920
1910 1917 1927
1910 1927 1921
1911 1924 1934
1911 1934 1923
1912 1919 1929
1912 1929 1925
1913 1923 1936
1913 1936 1930
1914 1922 1931
1914 1931 1926
1915 1920 1943
1915 1943 1940
1915 1940 1924
1916 1921 1932
1916 1932 1928
1917 1933 1927
1918 1925 1935
1919 1926 1937
1919 1937 1929
1920 1928 1943
1921 1927 1938
1921 1938 1932
1922 1930 1939
1922 1939 1931
1923 1934 1936
1924 1940 1934
1925 1929 1941
1925 1941 1935
1926 1931 1942
1926 1942 1937
1927 1933 1944
1927 1944 1938
1928 1932 1958
1928 1958 1952
1928 1952 1943
1929 1937 1947
1929 1947 1941
1930 1936 1945
1930 1945 1939
1931 1939 1948
1931 1948 1942
1932 1938 1946
1932 1946 1958
1933 1949 1944
1934 1940 1950
1934 1950 1953
1934 1953 1936
1935 1941 1951
1936 1953 1945
1937 1942 1954
1937 1954 1947
1938 1944 1956
1938 1956 1946
1939 1945 1957
1939 1957 1948
1940 1943 1955
1940 1955 1950
1941 1947 1959
1941 1959 1951
1942 1948 1961
1942 1961 1954
1943 1952 1960
1943 1960 1955
1944 1949 1962
1944 1962 1956
1945 1953 1963
1945 1963 1957
1946 1956 1964
1946 1964 1958
1947 1954 1965
1947 1965 1959
1948 1957 1968
1948 1968 1961
1949 1967 1962
1950 1955 1966
1950 1966 1971
1950 1971 1953
1951 1959 1969
1952 1958 1970
1952 1970 1960
1953 1971 1963
1954 1961 1974
1954 1974 1965
1955 1960 1972
1955 1972 1966
1956 1962 1973
1956 1973 1964
1957 1963 1975
1957 1975 1968
1958 1964 1977
1958 1977 1970
1959 1965 1976
1959 1976 1969
1960 1970 1978
1960 1978 1972
1961 1968 1980
1961 1980 1974
1962 1967 1979
1962 1979 1973
1963 1971 1981
1963 1981 1975
1964 1973 1983
1964 1983 1977
1965 1974 1982
1965 1982 1976
1966 1972 1984
1966 1984 1971
1967 1985 1979
1968 1975 1988
1968 1988 1980
1969 1976 1986
1970 1977 1987
1970 1987 1978
1971 1984 1990
1971 1990 1981
1972 1978 1989
1972 1989 1984
1973 1979 1992
1973 1992 1983
1974 1980 1991
1974 1991 1982
1975 1981 1994
1975 1994 1988
1976 1982 1993
1976 1993 1986
1977 1983 1995
1977 1995 1987
1978 1987 1997
1978 1997 1989
1979 1985 1998
1979 1998 1992
1980 1988 1996
1980 1996 1991
1981 1990 2000
1981 2000 1994
1982 1991 1999
1982 1999 1993
1983 1992 2002
1983 2002 1995
1984 1989 2001
1984 2001 2008
1984 2008 1990
1985 2004 1998
1986 1993 2005
1987 1995 2006
1987 2006 1997
1988 1994 2003
1988 2003 1996
1989 1997 2010
1989 2010 2001
1990 2008 2000
1991 1996 2007
1991 2007 1999
1992 1998 2009
1992 2009 2002
1993 1999 2012
1993 2012 2005
1994 2000 2011
1994 2011 2003
1995 2002 2013
1995 2013 2006
1996 2003 2014
1996 2014 2007
1997 2006 2017
1997 2017 2010
1998 2004 2015
1998 2015 2009
1999 2007 2018
1999 2018 2012
2000 2008 2016
2000 2016 2011
2001 2010 2020
2001 2020 2008
2002 2009 2019
2002 2019 2013
2003 2011 2021
2003 2021 2014
2004 2022 2015
2005 2012 2023
2006 2013 2025
2006 2025 2017
2007 2014 2026
2007 2026 2018
2008 2020 2024
2008 2024 2016
2009 2015 2027
2009 2027 2019
2010 2017 2028
2010 2028 2020
2011 2016 2029
2011 2029 2021
2012 2018 2030
2012 2030 2023
2013 2019 2031
2013 2031 2025
2014 2021 2032
2014 2032 2026
2015 2022 2033
2015 2033 2027
2016 2024 2035
2016 2035 2029
2017 2025 2034
2017 2034 2028
2018 2026 2036
2018 2036 2030
2019 2027 2037
2019 2037 2031
2020 2028 2038
2020 2038 2024
2021 2029 2039
2021 2039 2032
2022 2040 2033
2023 2030 2041
2024 2038 2043
2024 2043 2035
2025 2031 2042
2025 2042 2034
2026 2032 2044
2026 2044 2036
2027 2033 2045
2027 2045 2037
2028 2034 2047
2028 2047 2038
2029 2035 2046
2029 2046 2039
2030 2036 2048
2030 2048 2041
2031 2037 2049
2031 2049 2042
2032 2039 2050
2032 2050 2044
2033 2040 2051
2033 2051 2045
2034 2042 2053
2034 2053 2047
2035 2043 2052
2035 2052 2046
2036 2044 2054
2036 2054 2048
2037 2045 2055
2037 2055 2049
2038 2047 2057
2038 2057 2043
2039 2046 2056
2039 2056 2050
2040 2058 2051
2041 2048 2059
2042 2049 2061
2042 2061 2053
2043 2057 2060
2043 2060 2052
2044 2050 2062
2044 2062 2054
2045 2051 2063
2045 2063 2055
2046 2052 2064
2046 2064 2056
2047 2053 2065
2047 2065 2057
2048 2054 2066
2048 2066 2059
2049 2055 2069
2049 2069 2061
2050 2056 2068
2050 2068 2062
2051 2058 2070
2051 2070 2063
2052 2060 2071
2052 2071 2064
2053 2061 2072
2053 2072 2065
2054 2062 2073
2054 2073 2066
2055 2063 2074
2055 2074 2069
2056 2064 2075
2056 2075 2068
2057 2065 2078
2057 2078 2067
2057 2067 2060
2058 2076 2070
2059 2066 2077
2060 2067 2079
2060 2079 2071
2061 2069 2080
2061 2080 2072
2062 2068 2081
2062 2081 2073
2063 2070 2082
2063 2082 2074
2064 2071 2083
2064 2083 2075
2065 2072 2084
2065 2084 2078
2066 2073 2085
2066 2085 2077
2067 2078 2086
2067 2086 2079
2068 2075 2087
2068 2087 2081
2069 2074 2088
2069 2088 2080
2070 2076 2089
2070 2089 2082
2071 2079 2090
2071 2090 2083
2072 2080 2092
2072 2092 2084
2073 2081 2091
2073 2091 2085
2074 2082 2093
2074 2093 2088
2075 2083 2094
2075 2094 2087
2076 2095 2089
2077 2085 2096
2078 2084 2097
2078 2097 2086
2079 2086 2098
2079 2098 2090
2080 2088 2100
2080 2100 2092
2081 2087 2099
2081 2099 2091
2082 2089 2101
2082 2101 2093
2083 2090 2102
2083 2102 2094
2084 2092 2103
2084 2103 2097
2085 2091 2104
2085 2104 2096
2086 2097 2105
2086 2105 2098
2087 2094 2106
2087 2106 2099
2088 2093 2107
2088 2107 2100
2089 2095 2108
2089 2108 2101
2090 2098 2109
2090 2109 2102
2091 2099 2110
2091 2110 2104
2092 2100 2111
2092 2111 2103
2093 2101 2112
2093 2112 2107
2094 2102 2113
2094 2113 2106
2095 2114 2108
2096 2104 2115
2097 2103 2116
2097 2116 2105
2098 2105 2117
2098 2117 2109
2099 2106 2118
2099 2118 2110
2100 2107 2119
2100 2119 2111
2101 2108 2120
2101 2120 2112
2102 2109 2121
2102 2121 2113
2103 2111 2123
2103 2123 2116
2104 2110 2122
2104 2122 2115
2105 2116 2124
2105 2124 2117
2106 2113 2125
2106 2125 2118
2107 2112 2126
2107 2126 2119
2108 2114 2127
2108 2127 2120
2109 2117 2128
2109 2128 2121
2110 2118 2129
2110 2129 2122
2111 2119 2130
2111 2130 2123
2112 2120 2131
2112 2131 2126
2113 2121 2132
2113 2132 2125
2114 2133 2127
2115 2122 2134
2116 2123 2135
2116 2135 2124
2117 2124 2136
2117 2136 2128
2118 2125 2137
2118 2137 2129
2119 2126 2138
2119 2138 2130
2120 2127 2139
2120 2139 2131
2121 2128 2140
2121 2140 2132
2122 2129 2141
2122 2141 2134
2123 2130 2142
2123 2142 2135
2124 2135 2143
2124 2143 2136
2125 2132 2144
2125 2144 2137
2126 2131 2145
2126 2145 2138
2127 2133 2146
2127 2146 2139
2128 2136 2147
2128 2147 2140
2129 2137 2148
2129 2148 2141
2130 2138 2149
2130 2149 2142
2131 2139 2150
2131 2150 2145
2132 2140 2151
2132 2151 2144
2133 2152 2146
2134 2141 2153
2135 2142 2154
2135 2154 2143
2136 2143 2155
2136 2155 2147
2137 2144 2156
2137 2156 2148
2138 2145 2157
2138 2157 2149
2139 2146 2158
2139 2158 2150
2140 2147 2159
2140 2159 2151
2141 2148 2160
2141 2160 2153
2142 2149 2161
2142 2161 2154
2143 2154 2162
2143 2162 2155
2144 2151 2163
2144 2163 2156
2145 2150 2164
2145 2164 2157
2146 2152 2165
2146 2165 2158
2147 2155 2166
2147 2166 2159
2148 2156 2167
2148 2167 2160
2149 2157 2168
2149 2168 2161
2150 2158 2169
2150 2169 2164
2151 2159 2170
2151 2170 2163
2152 2171 2165
2153 2160 2172
2154 2161 2173
2154 2173 2162
2155 2162 2174
2155 2174 2166
2156 2163 2175
2156 2175 2167
2157 2164 2176
2157 2176 2168
2158 2165 2177
2158 2177 2169
2159 2166 2178
2159 2178 2170
2160 2167 2179
2160 2179 2172
2161 2168 2180
2161 2180 2173
2162 2173 2183
2162 2183 2174
2163 2170 2181
2163 2181 2175
2164 2169 2182
2164 2182 2176
2165 2171 2184
2165 2184 2177
2166 2174 2185
2166 2185 2178
2167 2175 2186
2167 2186 2179
2168 2176 2187
2168 2187 2180
2169 2177 2188
2169 2188 2182
2170 2178 2189
2170 2189 2181
2171 2190 2184
2172 2179 2191
2173 2180 2193
2173 2193 2183
2174 2183 2192
2174 2192 2185
2175 2181 2194
2175 2194 2186
2176 2182 2195
2176 2195 2187
2177 2184 2196
2177 2196 2188
2178 2185 2197
2178 2197 2189
2179 2186 2198
2179 2198 2191
2180 2187 2199
2180 2199 2193
2181 2189 2200
2181 2200 2194
2182 2188 2201
2182 2201 2195
2183 2193 2202
2183 2202 2192
2184 2190 2203
2184 2203 2196
2185 2192 2204
2185 2204 2197
2186 2194 2205
2186 2205 2198
2187 2195 2206
2187 2206 2199
2188 2196 2207
2188 2207 2201
2189 2197 2208
2189 2208 2200
2190 2209 2203
2191 2198 2210
2192 2202 2211
2192 2211 2204
2193 2199 2212
2193 2212 2202
2194 2200 2213
2194 2213 2205
2195 2201 2214
2195 2214 2206
2196 2203 2215
2196 2215 2207
2197 2204 2216
2197 2216 2208
2198 2205 2217
2198 2217 2210
2199 2206 2218
2199 2218 2212
2200 2208 2219
2200 2219 2213
2201 2207 2220
2201 2220 2214
2202 2212 2211
2203 2209 2221
2203 2221 2215
2204 2211 2222
2204 2222 2216
2205 2213 2223
2205 2223 2217
2206 2214 2224
2206 2224 2218
2207 2215 2225
2207 2225 2220
2208 2216 2226
2208 2226 2219
2209 2227 2221
2210 2217 2228
2211 2212 2235
2211 2235 2222
2212 2218 2229
2212 2229 2235
2213 2219 2230
2213 2230 2223
2214 2220 2231
2214 2231 2224
2215 2221 2232
2215 2232 2225
2216 2222 2233
2216 2233 2226
2217 2223 2234
2217 2234 2228
2218 2224 2236
2218 2236 2229
2219 2226 2237
2219 2237 2230
2220 2225 2238
2220 2238 2231
2221 2227 2239
2221 2239 2232
2222 2235 2240
2222 2240 2233
2223 2230 2241
2223 2241 2234
2224 2231 2242
2224 2242 2236
2225 2232 2243
2225 2243 2238
2226 2233 2244
2226 2244 2237
2227 2245 2239
2228 2234 2246
2229 2236 2251
2229 2251 2235
2230 2237 2247
2230 2247 2241
2231 2238 2248
2231 2248 2242
2232 2239 2249
2232 2249 2243
2233 2240 2252
2233 2252 2244
2234 2241 2253
2234 2253 2246
2235 2251 2250
2235 2250 2240
2236 2242 2254
2236 2254 2251
2237 2244 2255
2237 2255 2247
2238 2243 2256
2238 2256 2248
2239 2245 2257
2239 2257 2249
2240 2250 2267
2240 2267 2252
2241 2247 2258
2241 2258 2253
2242 2248 2259
2242 2259 2254
2243 2249 2260
2243 2260 2256
2244 2252 2261
2244 2261 2255
2245 2262 2257
2246 2253 2263
2247 2255 2266
2247 2266 2258
2248 2256 2268
2248 2268 2259
2249 2257 2270
2249 2270 2260
2250 2251 2265
2250 2265 2267
2251 2254 2264
2251 2264 2265
2252 2267 2269
2252 2269 2261
2253 2258 2271
2253 2271 2263
2254 2259 2277
2254 2277 2264
2255 2261 2272
2255 2272 2266
2256 2260 2273
2256 2273 2268
2257 2262 2274
2257 2274 2270
2258 2266 2275
2258 2275 2271
2259 2268 2276
2259 2276 2277
2260 2270 2278
2260 2278 2273
2261 2269 2284
2261 2284 2272
2262 2280 2274
2263 2271 2281
2264 2277 2279
2264 2279 2265
2265 2279 2282
2265 2282 2267
2266 2272 2285
2266 2285 2275
2267 2282 2283
2267 2283 2269
2268 2273 2290
2268 2290 2276
2269 2283 2284
2270 2274 2286
2270 2286 2278
2271 2275 2287
2271 2287 2281
2272 2284 2297
2272 2297 2299
2272 2299 2285
2273 2278 2288
2273 2288 2290
2274 2280 2289
2274 2289 2286
2275 2285 2293
2275 2293 2287
2276 2290 2291
2276 2291 2277
2277 2291 2292
2277 2292 2279
2278 2286 2298
2278 2298 2288
2279 2292 2294
2279 2294 2282
2280 2300 2289
2281 2287 2301
2282 2294 2295
2282 2295 2283
2283 2295 2296
2283 2296 2284
2284 2296 2297
2285 2299 2293
2286 2289 2302
2286 2302 2298
2287 2293 2303
2287 2303 2301
2288 2298 2304
2288 2304 2290
2289 2300 2309
2289 2309 2302
2290 2304 2305
2290 2305 2291
2291 2305 2306
2291 2306 2292
2292 2306 2307
2292 2307 2294
2293 2299 2314
2293 2314 2313
2293 2313 2303
2294 2307 2308
2294 2308 2295
2295 2308 2310
2295 2310 2296
2296 2310 2311
2296 2311 2297
2297 2311 2312
2297 2312 2299
2298 2302 2317
2298 2317 2318
2298 2318 2304
2299 2312 2314
2300 2315 2309
2301 2303 2316
2302 2309 2317
2303 2313 2322
2303 2322 2316
2304 2318 2319
2304 2319 2305
2305 2319 2320
2305 2320 2306
2306 2320 2321
2306 2321 2307
2307 2321 2323
2307 2323 2308
2308 2323 2324
2308 2324 2310
2309 2315 2329
2309 2329 2317
2310 2324 2325
2310 2325 2311
2311 2325 2326
2311 2326 2312
2312 2326 2327
2312 2327 2314
2313 2314 2328
2313 2328 2322
2314 2327 2328
2315 2330 2329
2316 2322 2331
2317 2329 2332
2317 2332 2333
2317 2333 2318
2318 2333 2334
2318 2334 2319
2319 2334 2335
2319 2335 2320
2320 2335 2336
2320 2336 2321
2321 2336 2337
2321 2337 2323
2322 2328 2344
2322 2344 2343
2322 2343 2331
2323 2337 2338
2323 2338 2324
2324 2338 2339
2324 2339 2325
2325 2339 2340
2325 2340 2326
2326 2340 2341
2326 2341 2327
2327 2341 2342
2327 2342 2328
2328 2342 2344
2329 2330 2345
2329 2345 2346
2329 2346 2332
2331 2343 2352
2332 2346 2347
2332 2347 2333
2333 2347 2348
2333 2348 2334
2334 2348 2349
2334 2349 2335
2335 2349 2350
2335 2350 2336
2336 2350 2351
2336 2351 2337
2337 2351 2353
2337 2353 2338
2338 2353 2354
2338 2354 2339
2339 2354 2355
2339 2355 2340
2340 2355 2356
2340 2356 2341
2341 2356 2357
2341 2357 2342
2342 2357 2358
2342 2358 2344
2343 2344 2359
2343 2359 2360
2343 2360 2352
2344 2358 2359
