0.000000 0.000000 0
0.000000 82.342000 0
0.000000 201.732000 0
0.000000 334.554000 0
0.000000 471.852000 0
0.000000 588.257000 0
0.000000 649.445000 0
0.000000 711.005158 0
0.000000 789.801000 0
0.000000 912.444000 0
0.000000 1099.014000 0
0.000000 1500.000000 0
0.000000 1800.000000 0
18.248722 752.156454 0
46.648913 793.307751 0
49.005553 727.818843 0
72.312000 0.000000 0
75.049103 834.459047 0
107.692451 1295.888662 0
100.000000 2000.000000 0
105.477894 775.300735 0
114.377948 552.825149 0
103.449294 875.610343 0
104.509621 975.452270 0
112.237000 0.000000 0
95.797769 108.122481 0
123.657471 685.698328 0
120.374867 33.242321 0
131.849484 916.761639 0
109.461011 235.594162 0
133.050224 830.236315 0
152.161000 0.000000 0
157.425967 1176.824514 0
160.249674 957.912936 0
147.369032 1067.358742 0
166.447043 1411.708735 0
205.455465 780.284879 0
175.818867 885.527172 0
169.366399 58.089261 0
188.649865 999.064232 0
152.026090 373.375268 0
216.578686 1113.581907 0
207.161000 0.000000 0
213.981966 946.957861 0
217.050055 1040.215528 0
267.626805 628.516680 0
199.069565 145.858082 0
214.589248 1291.896062 0
209.871576 249.924080 0
245.450246 1081.366825 0
258.326382 1193.207714 0
241.633734 61.313069 0
262.495711 1001.358442 0
262.161000 0.000000 0
246.205209 305.936462 0
282.695218 890.927185 0
273.850436 1122.518121 0
271.621470 190.020351 0
284.704748 1394.603484 0
262.592700 1805.378529 0
257.333675 472.633431 0
225.248766 1576.155466 0
349.860017 765.789881 0
320.665935 1070.131948 0
302.250626 1163.669417 0
312.938897 1279.143261 0
280.843850 248.762132 0
295.733495 117.944439 0
317.161000 0.000000 0
316.310322 45.987147 0
278.956715 363.685275 0
330.650817 1204.820713 0
314.681750 209.881484 0
368.975944 980.846592 0
329.526368 167.753767 0
342.763020 1141.490933 0
309.325243 293.937858 0
355.798878 1336.379539 0
339.862242 1474.188288 0
333.354824 242.875180 0
359.051007 1245.972010 0
349.081094 87.716665 0
358.060035 199.997862 0
372.161000 0.000000 0
362.890440 126.963211 0
364.893983 1669.581665 0
374.169163 161.716798 0
402.276804 875.727827 0
362.565313 273.084603 0
398.700313 1194.594269 0
387.451198 1287.123306 0
374.649656 231.589817 0
391.723766 181.245912 0
378.048160 1392.753040 0
388.312285 204.924133 0
376.186765 510.456163 0
376.240387 54.936295 0
354.824594 406.945230 0
354.021954 329.286708 0
394.230185 92.752751 0
430.459605 1093.211793 0
393.753394 140.125891 0
400.000000 2000.000000 0
408.489931 173.757039 0
383.489412 1553.783026 0
409.059842 154.215086 0
403.738219 120.733109 0
404.876247 218.922859 0
410.756000 0.000000 0
408.780168 37.682186 0
412.250493 192.865257 0
400.726718 249.736440 0
415.851388 1328.274602 0
418.121867 18.541663 0
418.908850 137.001620 0
403.310077 291.084644 0
420.758188 105.763641 0
416.879192 65.479311 0
426.478818 168.031836 0
426.938027 206.440100 0
428.832707 35.431834 0
427.820126 1453.646426 0
431.887854 121.791866 0
431.912231 186.376115 0
430.023216 87.677475 0
434.311604 149.857004 0
436.967000 0.000000 0
426.378896 227.982625 0
440.445752 51.704091 0
424.314017 1266.694831 0
443.911280 105.863151 0
444.251578 1369.425898 0
445.413966 168.971147 0
446.221770 208.188415 0
446.707647 134.170546 0
447.209640 17.175629 0
432.577572 255.756352 0
415.145882 346.986265 0
450.985427 189.710347 0
451.555247 68.123224 0
452.805042 88.082902 0
446.931739 228.852736 0
460.719904 147.393474 0
459.262209 33.089520 0
459.330800 118.685893 0
463.993000 0.000000 0
447.298523 418.627548 0
466.183470 207.113977 0
470.404076 185.690981 0
468.075815 172.458109 0
471.109244 102.565338 0
471.730047 48.702136 0
472.651769 1410.577195 0
475.385763 1523.069046 0
515.260902 953.724610 0
463.296089 245.223121 0
504.962961 1215.376162 0
480.593853 128.746608 0
446.513153 631.932498 0
454.819670 291.660576 0
480.766003 66.277991 0
481.666428 85.589335 0
479.866977 1328.829161 0
486.114385 205.453067 0
483.519857 504.085896 0
490.325868 184.117689 0
493.860618 110.725570 0
488.463608 36.283605 0
490.605656 158.865023 0
467.725592 1626.057262 0
488.096428 227.160845 0
494.589989 787.353632 0
476.596594 344.316631 0
485.413448 1786.534041 0
506.906188 65.893884 0
501.051959 1451.728491 0
507.936918 134.244377 0
505.837336 208.042921 0
491.166186 260.795592 0
512.347619 435.657903 0
510.196816 185.600296 0
516.390442 159.494641 0
501.642072 297.464473 0
527.996677 102.482225 0
513.991000 0.000000 0
522.596824 40.021722 0
515.980483 236.336963 0
524.711164 213.150797 0
522.810528 1389.094382 0
539.947627 64.708470 0
538.174324 145.152263 0
561.886855 1096.320279 0
512.463408 381.949874 0
529.436206 190.879381 0
530.862304 1490.387211 0
523.160864 266.928996 0
535.038544 173.611302 0
535.504487 229.988380 0
528.206608 329.214430 0
535.900345 291.872713 0
542.472891 206.033127 0
543.386368 248.291723 0
551.268723 191.082288 0
550.888783 266.813417 0
555.349028 559.327267 0
552.958801 223.036454 0
563.675730 33.222689 0
551.984691 305.960003 0
541.365183 1562.811862 0
559.517892 284.856101 0
559.814666 241.823814 0
559.245372 208.352948 0
555.294348 358.775447 0
564.764825 169.459027 0
578.562780 81.921901 0
574.226297 1322.361725 0
576.918649 131.622129 0
563.990000 0.000000 0
555.033102 405.111096 0
563.419627 468.518978 0
568.858065 259.660053 0
572.871922 223.454902 0
563.562061 324.164630 0
572.735690 299.693004 0
555.805763 1660.563934 0
598.455141 668.003403 0
586.255475 1431.975734 0
579.033289 276.861333 0
580.763176 1493.534113 0
576.654583 198.158038 0
587.315665 249.887343 0
587.503698 372.912106 0
588.155129 312.042949 0
584.994594 339.303292 0
593.297456 290.806199 0
601.242538 219.470923 0
615.028310 510.387906 0
599.166299 412.856188 0
605.283000 0.000000 0
606.134926 320.802338 0
604.522057 276.250539 0
609.956149 301.441744 0
610.534280 177.128323 0
609.316068 347.123693 0
625.153711 573.040235 0
621.215351 374.305548 0
624.893749 327.299846 0
621.358943 45.906804 0
665.285764 1205.622907 0
624.867230 251.689964 0
623.488311 452.212149 0
632.662634 286.816739 0
629.157095 307.023535 0
630.664048 1496.681015 0
635.211756 216.507211 0
631.152952 348.120260 0
637.648498 1583.259604 0
644.522258 331.130616 0
646.577000 0.000000 0
649.030611 309.262611 0
641.479189 113.589245 0
655.170763 828.947984 0
665.848090 529.888056 0
656.906972 479.345767 0
644.334587 404.080746 0
663.489690 1448.746340 0
646.876096 1744.156899 0
651.169954 269.742181 0
659.935474 292.306753 0
661.946272 243.155119 0
655.816677 360.742323 0
662.070653 438.087317 0
664.250136 334.418596 0
668.636491 313.203570 0
672.051963 383.631817 0
677.468738 191.092042 0
676.530443 406.732650 0
679.942131 346.527561 0
680.564920 1499.827917 0
681.674942 300.073025 0
681.974662 457.123443 0
721.320356 697.829284 0
676.438386 274.742589 0
686.779627 320.253159 0
692.576069 46.707108 0
689.063054 363.724547 0
689.186510 429.032049 0
693.028461 488.379824 0
686.175572 1363.273215 0
691.084492 597.599022 0
694.514347 382.879632 0
697.023418 402.685724 0
699.818028 335.192530 0
700.000000 2000.000000 0
700.877816 311.910635 0
713.882867 530.580350 0
708.678720 450.774708 0
697.382068 288.021689 0
727.949061 1554.455202 0
707.723643 353.305664 0
708.839853 418.790041 0
710.170943 0.000000 0
693.463804 1013.668302 0
712.493700 372.722674 0
717.395763 392.104416 0
718.214914 329.698290 0
730.876685 482.570140 0
731.451848 354.493696 0
725.627198 428.370410 0
731.216062 451.159073 0
721.397570 298.225406 0
732.935176 120.746756 0
730.465792 1502.974818 0
706.521964 255.157179 0
731.250965 405.216157 0
739.056385 384.997659 0
737.199735 1654.045893 0
748.020871 325.062145 0
744.331434 435.345128 0
746.565579 458.735880 0
749.653077 413.046198 0
757.437573 520.037690 0
733.788297 1451.974232 0
765.325449 478.326200 0
745.018901 565.011374 0
767.908145 618.846272 0
763.201858 361.176061 0
757.368302 279.503080 0
761.077638 446.279690 0
767.947679 396.224636 0
766.743438 423.195307 0
753.653062 211.361060 0
765.189131 1780.537922 0
777.823842 457.214252 0
788.755281 477.703229 0
772.681853 894.378531 0
796.491327 327.277001 0
780.366664 1506.121720 0
783.001103 434.843840 0
794.740454 505.744011 0
796.243561 379.001818 0
781.751429 1389.836607 0
794.570047 468.148814 0
792.788056 415.931112 0
799.778074 445.665800 0
802.935304 0.000000 0
794.778987 557.996974 0
818.125807 259.936561 0
801.448757 1580.501261 0
798.431529 1292.396502 0
819.113948 500.956699 0
811.316251 479.083376 0
817.733723 402.381778 0
818.069176 430.205009 0
817.410320 455.105285 0
829.499126 161.731549 0
824.880445 685.900350 0
813.703820 1453.039674 0
826.454399 526.105760 0
790.419869 787.683707 0
828.858355 488.495375 0
844.086868 1681.364468 0
837.852138 1135.967073 0
830.267535 1509.268622 0
834.199803 505.355682 0
830.362730 608.745059 0
853.180572 315.239449 0
839.299402 371.021075 0
835.183995 464.261592 0
842.268986 415.750507 0
841.528221 561.492326 0
847.426120 495.927609 0
838.436264 446.395982 0
851.672263 535.903049 0
849.145789 515.293575 0
846.106110 980.721336 0
853.364338 472.596766 0
865.993885 503.359844 0
888.822677 1577.751661 0
869.127696 525.110378 0
871.544681 480.931941 0
918.563552 264.508388 0
875.755024 404.042947 0
864.321081 440.457078 0
872.104337 551.514567 0
878.246762 860.875250 0
880.168407 1512.415524 0
893.423880 353.455386 0
873.794990 588.691068 0
884.592793 510.700422 0
880.067212 465.071159 0
879.283357 639.546911 0
889.915869 488.692691 0
879.391208 1472.537030 0
891.256546 533.891700 0
897.782958 1823.122352 0
894.649295 690.480589 0
900.000000 0.000000 0
890.216387 758.175634 0
950.782686 113.837376 0
904.012920 515.478867 0
876.657640 1388.500501 0
896.035302 438.885805 0
905.222385 468.863087 0
905.245220 564.000611 0
909.507923 492.711574 0
912.455806 536.546168 0
919.182665 404.689076 0
914.244511 606.849482 0
923.442698 520.220567 0
924.144129 477.625355 0
929.099977 496.730457 0
930.069279 1515.562426 0
937.766294 656.618106 0
934.537994 581.373374 0
931.664423 450.192515 0
936.718230 809.347106 0
961.639944 1572.921608 0
938.321353 549.139580 0
947.004037 937.019000 0
942.872476 524.962268 0
954.563627 361.232988 0
941.098404 712.164827 0
947.386384 1042.424169 0
948.637164 500.968226 0
945.226377 479.629595 0
945.480480 1456.435933 0
963.655320 420.326435 0
954.838000 610.868893 0
957.655593 537.262925 0
960.040291 576.009322 0
942.866008 1271.180913 0
968.186179 461.329673 0
966.368764 509.753015 0
972.684351 663.727481 0
973.477024 641.964196 0
1027.787227 226.872016 0
970.320349 552.742071 0
974.077949 1672.227719 0
969.627115 490.932077 0
971.853797 687.345401 0
964.578568 858.806615 0
965.499367 760.782239 0
979.238611 593.711379 0
979.970151 1518.709328 0
980.057338 524.333903 0
982.985105 568.221217 0
984.560486 619.557788 0
987.325839 510.873323 0
988.842970 657.538093 0
985.048716 808.098966 0
974.978685 1384.078517 0
991.481084 675.172714 0
993.716489 538.943062 0
1002.019200 483.039439 0
986.603887 719.589749 0
995.304357 583.885477 0
1021.147586 323.763826 0
996.926181 443.859477 0
997.703203 603.725970 0
1011.410809 400.656804 0
999.936342 623.600906 0
1000.000000 2000.000000 0
1001.487919 696.801171 0
1002.169481 643.475842 0
971.424103 1145.759389 0
1004.402620 663.350779 0
1035.259665 1580.356904 0
1007.351011 553.575212 0
1009.614450 682.274118 0
1011.685649 572.849301 0
1015.559565 982.373876 0
1014.740241 540.268663 0
1012.166820 518.239089 0
1008.836573 774.515302 0
1015.891540 592.390130 0
1018.922624 612.134869 0
1009.971923 743.587339 0
1019.662798 699.566622 0
1021.212907 632.001068 0
1010.306785 840.586322 0
1023.303161 651.873741 0
1025.810216 556.372929 0
1030.145511 896.916828 0
1028.094346 671.235427 0
1029.711145 716.859127 0
1029.871023 1521.856229 0
1034.340867 578.958771 0
1029.420529 755.627267 0
1038.704423 604.771509 0
1036.596347 689.268658 0
1024.351605 804.559293 0
1037.844654 633.408037 0
1039.759492 734.151632 0
1034.657391 534.213663 0
1039.853560 657.576217 0
1038.726524 774.438691 0
1039.361243 453.946765 0
1048.504771 705.336751 0
1049.807839 751.444136 0
1040.543066 502.097563 0
1050.000000 0.000000 0
1052.087125 558.372821 0
1031.815831 1459.228537 0
1050.469899 678.605964 0
1047.408713 834.552409 0
1061.867270 588.996785 0
1060.478929 721.348439 0
1055.781585 795.166235 0
1063.360494 622.741201 0
1087.609731 1665.473036 0
1064.160629 765.320996 0
1067.605067 698.987956 0
1103.343802 1804.604003 0
1059.556151 652.758238 0
1071.067210 738.097133 0
1062.644138 1206.519375 0
1092.813416 400.813634 0
1062.598641 529.932445 0
1078.761057 778.989482 0
1078.059257 717.654486 0
1086.829911 902.246118 0
1079.771895 1525.003131 0
1073.079679 675.078983 0
1081.280649 813.137627 0
1082.585551 856.950254 0
1086.889885 962.804185 0
1121.749241 288.501232 0
1086.225221 751.144535 0
1078.073342 1345.047982 0
1093.361485 792.657967 0
1066.371346 1072.708238 0
1089.462294 607.373972 0
1096.107031 733.935647 0
1092.457418 493.215986 0
1095.038532 695.903602 0
1102.563580 827.937632 0
1101.263035 764.326294 0
1092.729774 649.139913 0
1133.876959 1586.307278 0
1108.502323 805.710410 0
1113.411987 878.336014 0
1121.116278 916.225310 0
1115.905293 777.949960 0
1116.458066 845.527197 0
1093.250319 561.763949 0
1115.914183 749.790201 0
1134.565223 1463.469492 0
1125.182557 720.633801 0
1126.694551 143.750562 0
1123.991185 818.363282 0
1129.672766 1528.150033 0
1130.360948 791.770647 0
1132.508007 675.895582 0
1138.781711 1014.814007 0
1136.765980 888.508114 0
1136.715905 860.560702 0
1149.424416 954.348286 0
1139.480046 831.016154 0
1136.105641 614.229542 0
1148.439072 1151.127179 0
1144.936687 805.464010 0
1141.113636 752.105712 0
1160.461710 463.731787 0
1145.967596 782.284972 0
1153.375270 911.111183 0
1154.968907 843.669027 0
1191.490282 1683.869276 0
1170.415583 716.173104 0
1161.345349 816.811747 0
1159.210349 876.308483 0
1168.690833 1253.295449 0
1173.704684 929.695512 0
1159.845475 1075.848135 0
1170.191780 800.616871 0
1181.390313 990.665303 0
1170.457768 856.321899 0
1173.297921 765.803015 0
1177.218974 828.889477 0
1175.578443 659.295168 0
1180.029829 901.582758 0
1179.573638 1531.296935 0
1182.158734 872.406409 0
1190.712665 955.124822 0
1188.768776 1032.512549 0
1203.109387 381.881874 0
1158.177132 540.228629 0
1191.576297 842.757722 0
1194.981218 926.311520 0
1193.216471 889.071536 0
1193.879074 816.639930 0
1194.697787 788.425431 0
1200.000000 0.000000 0
1202.056658 859.663697 0
1272.445690 1787.535640 0
1212.096484 1477.994881 0
1203.562057 906.175331 0
1207.152170 980.549275 0
1208.455770 941.715530 0
1210.871867 835.295423 0
1209.132686 1115.371377 0
1211.093250 877.503396 0
1217.402913 755.212951 0
1223.950143 1183.023425 0
1213.422308 923.575775 0
1230.952698 1377.565767 0
1207.579404 1068.558267 0
1219.880111 962.589727 0
1213.502202 1006.644769 0
1218.718744 803.855129 0
1233.760735 1590.001628 0
1221.189150 894.699280 0
1227.828611 684.267233 0
1220.645097 855.188001 0
1223.282559 940.976219 0
1229.474510 1534.443837 0
1232.560950 911.151526 0
1231.513712 1038.547029 0
1234.535188 957.441479 0
1230.275620 987.722770 0
1238.356372 833.668504 0
1211.037137 605.912059 0
1258.945679 253.927390 0
1243.719182 895.666379 0
1243.555393 927.858005 0
1244.746845 974.598630 0
1257.106501 793.889454 0
1240.848072 869.809275 0
1241.912757 1009.873145 0
1255.013380 914.706662 0
1248.636619 1080.514156 0
1268.085916 1256.491422 0
1254.292903 944.731234 0
1254.459703 992.081775 0
1255.754123 502.520915 0
1256.109250 1025.597763 0
1266.345808 1133.159656 0
1263.507072 962.439021 0
1265.616155 1008.645526 0
1268.984978 887.965349 0
1264.087230 1046.130313 0
1279.758545 734.078892 0
1281.949868 843.974498 0
1272.148086 980.380655 0
1280.584824 1095.127093 0
1281.253956 950.701964 0
1277.416487 1024.793349 0
1286.967554 920.867677 0
1283.007081 1188.698040 0
1279.375382 1537.590739 0
1290.366679 974.130885 0
1281.213112 1066.707419 0
1284.138424 996.356117 0
1304.629604 1587.209259 0
1289.634378 1040.623010 0
1317.904773 1669.294071 0
1306.455578 792.547973 0
1296.819147 1011.822173 0
1305.413450 882.768103 0
1300.000000 2000.000000 0
1311.136183 951.341148 0
1277.598442 123.117049 0
1301.225853 994.733403 0
1302.084850 1056.275031 0
1285.916466 1483.198859 0
1304.477950 1113.679707 0
1302.251006 1081.575782 0
1314.632050 1155.706295 0
1307.327945 1028.799946 0
1315.647552 1008.393892 0
1319.642413 1065.212715 0
1319.814044 1043.809772 0
1325.503172 1092.453552 0
1332.679714 913.859714 0
1319.157834 982.964024 0
1329.276254 1540.737640 0
1312.782680 634.933120 0
1337.551387 1124.057378 0
1329.176077 1028.381826 0
1342.022103 1215.111325 0
1359.893283 1321.256746 0
1336.941352 1053.966045 0
1356.487241 847.173861 0
1356.978822 743.624238 0
1338.066139 1072.995151 0
1340.300503 1419.773287 0
1340.178958 1003.662073 0
1354.388719 1159.533617 0
1336.018078 54.074984 0
1351.030455 1097.201351 0
1328.935285 381.798468 0
1362.830874 1598.422219 0
1356.615761 1054.339787 0
1364.225675 182.426587 0
1355.146960 1031.659291 0
1357.841362 1074.152670 0
1356.392819 965.522948 0
1375.276573 1125.771115 0
1371.944413 1093.778906 0
1379.939641 1494.286508 0
1365.553488 1005.050634 0
1379.683539 915.485133 0
1376.103902 1049.844528 0
1377.831092 1073.998255 0
1379.177125 1543.884542 0
1379.707604 104.523436 0
1381.459754 1026.370246 0
1402.462136 1177.023398 0
1410.686631 1658.109629 0
1397.742803 1097.771554 0
1395.844247 1046.820318 0
1397.417922 1069.964496 0
1444.046736 788.045383 0
1398.260902 0.000000 0
1394.589957 998.038786 0
1390.309585 276.017615 0
1401.520676 1026.808026 0
1408.165478 953.782561 0
1415.705041 1084.156122 0
1411.686518 1247.072113 0
1415.531677 1043.345017 0
1411.816774 1131.032926 0
1417.078123 1066.416804 0
1425.093756 139.505903 0
1424.523697 42.734616 0
1420.178320 1019.465844 0
1442.346458 664.967612 0
1429.077997 1547.031444 0
1432.078340 1080.928306 0
1444.800795 1422.559492 0
1428.861001 989.271526 0
1444.695048 897.087090 0
1435.490764 1042.177936 0
1436.998878 1064.638166 0
1435.310856 1591.298173 0
1434.208172 1105.699704 0
1449.489596 1779.910847 0
1415.779920 509.163056 0
1445.076820 1017.153901 0
1444.773275 957.290313 0
1450.786491 85.281832 0
1451.028599 1502.820851 0
1456.401617 1083.730942 0
1455.483657 1041.644792 0
1456.830705 1065.182995 0
1460.384238 989.898012 0
1453.700145 197.468885 0
1449.715993 367.281644 0
1449.394694 1148.899754 0
1472.650550 1211.744791 0
1470.064094 1020.465422 0
1474.953935 1045.432014 0
1481.839315 1087.694832 0
1481.405299 1310.225818 0
1476.537715 1068.593823 0
1477.049286 127.829049 0
1476.318378 1113.379059 0
1478.978869 1550.178346 0
1522.156787 840.573507 0
1492.717708 1029.869469 0
1491.769372 998.794442 0
1481.763135 956.412693 0
1492.506371 1079.729928 0
1493.298624 1053.141892 0
1486.336569 273.203775 0
1500.000000 0.000000 0
1498.912847 1154.519798 0
1503.312081 170.376265 0
1506.039832 1120.068487 0
1498.527439 1589.838196 0
1507.432590 1093.040552 0
1487.897058 1651.622834 0
1509.002766 1042.734450 0
1509.550589 1064.797402 0
1529.104815 1194.556498 0
1522.345879 1500.048817 0
1517.218460 1018.648649 0
1522.520481 1106.168977 0
1525.015122 1133.234436 0
1520.489362 917.934049 0
1525.725034 1076.485938 0
1532.229044 1047.214861 0
1528.879741 1553.325248 0
1541.620625 734.846956 0
1533.867340 1159.756779 0
1529.574876 212.923481 0
1545.772254 100.494576 0
1538.054727 433.447168 0
1535.588657 1249.918002 0
1539.019695 1117.404967 0
1528.470755 977.472558 0
1538.882232 330.060873 0
1540.242225 1090.240934 0
1549.730926 1141.488172 0
1549.402801 1067.705280 0
1566.525393 1309.525816 0
1555.837670 255.470697 0
1556.752340 1100.153682 0
1558.164779 1120.871175 0
1566.573596 1174.985866 0
1604.315323 815.735526 0
1567.036888 1216.415216 0
1549.122739 1015.806188 0
1562.756419 1082.295863 0
1582.874416 579.194197 0
1578.692990 1409.505650 0
1575.745469 1142.676432 0
1569.882591 1065.667942 0
1568.076157 946.266190 0
1565.581787 1044.326143 0
1570.859409 988.445861 0
1575.146919 1093.258889 0
1577.778380 889.792566 0
1577.619000 1116.470402 0
1578.780613 1556.472150 0
1570.607388 185.223628 0
1585.111727 1076.748454 0
1598.962427 1137.809703 0
1580.378644 1018.729096 0
1586.560396 1057.263972 0
1561.570669 1602.766381 0
1603.422552 1164.433918 0
1588.782125 289.555517 0
1596.810114 1257.041588 0
1591.497005 1037.895673 0
1592.872495 1104.919004 0
1614.567568 361.406933 0
1599.474932 970.916555 0
1571.797158 1687.813780 0
1607.108192 1205.575478 0
1600.000000 2000.000000 0
1599.635670 1001.484605 0
1601.974180 1087.814001 0
1595.259860 1505.480519 0
1610.214228 1120.611641 0
1604.908166 1068.045280 0
1605.576350 1024.416109 0
1611.387817 933.035642 0
1610.605449 1048.873927 0
1620.964685 1100.452442 0
1627.811292 1144.856675 0
1617.928310 989.729211 0
1626.797298 1078.170287 0
1623.597860 1016.670780 0
1626.839591 1038.540729 0
1628.170275 1056.330372 0
1628.965161 966.537781 0
1628.681485 1559.619051 0
1626.510781 453.577133 0
1620.496913 237.325491 0
1640.249453 885.210667 0
1643.055797 1119.162059 0
1640.130790 1320.939385 0
1644.335141 1180.700464 0
1636.260891 305.232468 0
1653.988790 720.566238 0
1637.969529 993.036276 0
1664.471924 1239.877327 0
1643.313035 1015.581806 0
1645.978913 1040.010227 0
1650.874317 1092.037934 0
1653.786825 939.490063 0
1650.000000 0.000000 0
1653.892267 1064.341829 0
1668.650535 134.751256 0
1636.431191 1620.673405 0
1653.246545 973.018815 0
1661.684580 1022.266514 0
1660.767874 996.679168 0
1666.878271 1146.423170 0
1664.376068 1047.539064 0
1667.798561 1501.757297 0
1678.582356 1562.765953 0
1679.092235 1032.113531 0
1683.649473 1006.820832 0
1682.105440 1056.794839 0
1681.592451 1110.591114 0
1678.943662 1079.510214 0
1683.739657 320.909419 0
1696.319540 1183.037497 0
1690.102828 823.423513 0
1660.208981 1686.998387 0
1704.130137 909.786667 0
1695.563133 1043.454069 0
1689.743854 397.066320 0
1684.745575 969.350638 0
1702.842867 253.719381 0
1699.871516 1065.978334 0
1705.326141 1087.317454 0
1707.315269 496.771484 0
1708.731889 995.106668 0
1706.875988 1025.408326 0
1635.185454 1784.910825 0
1708.156099 1140.192171 0
1717.913341 1109.495438 0
1713.200215 1052.864254 0
1723.007073 1304.177913 0
1717.835850 1074.769391 0
1711.278259 1405.509535 0
1728.483228 1565.912855 0
1728.415423 1038.097421 0
1717.746494 1624.076880 0
1731.218422 336.586370 0
1731.910325 1059.928885 0
1735.800185 1083.560448 0
1740.854709 1107.067569 0
1728.909553 964.551973 0
1739.480632 1009.401356 0
1790.834320 166.495719 0
1735.750776 1128.244303 0
1743.593846 1227.670736 0
1767.640330 749.982623 0
1737.383690 620.214943 0
1750.341576 1067.687632 0
1760.823887 927.220183 0
1750.482801 1163.362310 0
1750.610620 1042.884175 0
1753.612106 1503.508083 0
1753.462143 1092.933391 0
1788.699332 274.734940 0
1777.274899 1023.314621 0
1770.297528 859.259342 0
1761.347269 1121.104502 0
1768.538032 1075.985619 0
1770.966974 1102.607113 0
1739.884609 1717.517042 0
1775.112611 413.146804 0
1776.241794 1058.874971 0
1789.569831 1351.064976 0
1778.384100 1569.059757 0
1778.697188 352.263321 0
1775.548271 976.445975 0
1779.907098 1195.552425 0
1785.703690 1086.147141 0
1789.441929 1141.236350 0
1788.998742 1280.006962 0
1788.471805 1112.280835 0
1789.346621 1169.861602 0
1802.250993 1645.610763 0
1800.203390 1044.150261 0
1800.000000 0.000000 0
1801.844713 1097.944987 0
1801.021229 1071.955169 0
1804.162393 1124.639151 0
1825.236994 926.056631 0
1801.970756 1227.682220 0
1809.591514 1531.194826 0
1821.566488 1008.130668 0
1812.759644 1159.971420 0
1817.273379 1110.662659 0
1814.142021 1189.186077 0
1789.732378 1837.224896 0
1819.523244 1137.435023 0
1837.717602 310.865825 0
1817.220762 1086.137861 0
1820.352622 1586.135685 0
1890.885597 228.479023 0
1824.913764 1058.475624 0
1826.175954 367.940272 0
1826.137292 1447.614747 0
1830.438913 1170.532671 0
1832.348128 1123.805028 0
1833.665379 1151.577158 0
1860.370036 423.970129 0
1844.432062 1259.184859 0
1840.751480 1214.493355 0
1831.419743 1310.262409 0
1832.268611 517.429848 0
1841.051230 1091.650747 0
1843.820172 1186.209658 0
1846.989511 1137.422461 0
1847.807515 1165.719294 0
1848.519463 1627.447052 0
1853.140956 1115.923753 0
1834.183356 1726.280503 0
1856.578694 1358.819596 0
1868.420823 1048.828740 0
1861.458431 1151.228822 0
1866.210073 1199.332685 0
1893.927586 107.289717 0
1863.571266 1177.994229 0
1879.369921 979.642329 0
1871.274598 1129.019087 0
1873.855001 819.086154 0
1869.471645 1549.656187 0
1873.934260 1225.365365 0
1874.041699 1097.721339 0
1873.654720 383.617223 0
1895.201657 912.611252 0
1876.686305 1668.758419 0
1876.712706 1164.062660 0
1879.591479 1189.967230 0
1891.692703 1778.502109 0
1904.855240 1121.895099 0
1887.162186 1149.922924 0
1877.520048 1302.236735 0
1893.934665 1174.205097 0
1895.591970 1201.966574 0
1905.508313 1079.010349 0
1900.190151 1222.967081 0
1900.000000 2000.000000 0
1880.218063 657.345513 0
1896.430175 1254.248214 0
1904.853146 1710.069786 0
1901.679929 1615.834440 0
1904.129937 330.911567 0
1912.537654 1181.046180 0
1914.737737 1159.126699 0
1932.496318 1027.169677 0
1915.026534 1205.169022 0
1907.885820 1401.735243 0
1906.940136 1340.004669 0
1919.967995 1228.086538 0
1921.133486 399.294174 0
1927.180525 1853.363794 0
1911.111177 1479.430736 0
1931.607293 548.167681 0
1932.285465 1184.099993 0
1933.534423 1139.028444 0
1933.019987 1751.381154 0
1933.875443 462.392487 0
1929.647085 1250.996022 0
1934.967082 1206.598412 0
1929.320138 1290.901798 0
1938.854869 1163.689050 0
1943.547150 1228.540848 0
1944.812541 1673.374410 0
1933.299808 955.056516 0
1950.000000 0.000000 0
1952.220795 1185.195417 0
1954.962289 1207.036263 0
1947.728610 1099.436600 0
1961.186828 1792.692521 0
1961.496164 1150.994621 0
1962.768367 1225.324937 0
1958.970250 1253.203230 0
1968.612252 414.971125 0
1972.210225 1185.303148 0
1963.396486 1346.330887 0
1974.953490 1207.560610 0
1964.249000 883.214243 0
1982.972384 267.581554 0
1968.909786 1559.936315 0
1972.337345 1289.293853 0
1987.678433 1161.919886 0
1981.408758 1230.283930 0
1989.051594 1746.024913 0
1998.246321 1122.389644 0
1992.078404 1187.595630 0
1983.151683 1438.211821 0
1993.974554 1824.812805 0
2037.918015 141.473842 0
1994.903557 1208.972998 0
1997.964731 1055.568029 0
1993.763228 1257.081842 0
2014.361304 1163.316308 0
1996.369819 358.602897 0
2003.093782 1229.560216 0
2012.061395 1187.903713 0
2014.860918 1210.264313 0
2016.091018 430.648076 0
2004.629388 601.404153 0
2033.648059 1133.830457 0
1995.184184 972.644680 0
2016.236928 1298.952102 0
2026.496686 1886.950435 0
2014.145119 745.133124 0
2007.046231 502.266390 0
2039.487122 1661.616013 0
2032.060948 1188.001263 0
2027.903876 1365.217734 0
2044.847774 1091.661367 0
2034.836375 1211.254831 0
2030.532527 1241.198165 0
2044.755889 1161.573460 0
2043.933198 1822.779605 0
2051.961817 1189.560715 0
2066.029444 1130.211369 0
2069.286452 1020.105879 0
2060.708726 1273.241413 0
2044.869131 1494.021029 0
2054.818504 1212.070147 0
2057.985942 1420.811671 0
2065.941898 1237.160756 0
2056.695365 1567.346492 0
2061.828564 1772.272651 0
2070.474014 1164.520565 0
2063.569783 446.325027 0
2085.558554 278.440440 0
2071.799710 1191.775790 0
2074.812152 1212.574188 0
2103.912414 1087.862605 0
2065.016626 1320.301481 0
2086.192248 1230.497533 0
2098.538951 1141.819622 0
2088.587288 1253.383225 0
2089.758462 1172.182369 0
2073.810589 894.753358 0
2081.635903 1366.699102 0
2091.692433 1191.887350 0
2092.980079 1218.501809 0
2093.891842 1820.746404 0
2098.762265 1457.802867 0
2103.709987 1520.017532 0
2096.091103 388.373345 0
2100.000000 0.000000 0
2102.255811 630.851244 0
2097.937234 1288.453067 0
2092.505177 524.660892 0
2108.300063 1202.319214 0
2108.639843 1230.867741 0
2112.103846 1260.078985 0
2116.287301 1170.908484 0
2111.048549 462.001978 0
2144.772328 1125.232258 0
2105.677297 1329.245921 0
2128.611179 1711.215681 0
2111.593054 1402.918043 0
2121.341951 1246.316250 0
2123.049529 1279.048823 0
2123.420623 1215.162602 0
2121.638829 1361.700226 0
2131.053523 1192.309350 0
2135.986301 1433.272406 0
2138.429354 1475.776941 0
2126.500940 1601.141878 0
2149.895460 1170.609190 0
2133.067268 1262.404891 0
2134.563818 1231.770646 0
2130.417440 1303.871896 0
2137.417879 1334.450051 0
2157.364202 1202.547246 0
2141.721889 1280.435352 0
2138.898776 1379.701272 0
2143.850486 1818.713204 0
2146.243536 1400.439175 0
2147.619939 1246.917165 0
2157.003015 1524.016336 0
2161.736788 1444.533693 0
2151.225798 1298.031332 0
2162.616005 1228.652459 0
2154.610168 1357.187220 0
2155.892509 1317.438857 0
2156.271078 1337.256305 0
2157.424416 1264.283262 0
2158.986982 475.996418 0
2159.152924 1418.163995 0
2160.408354 1376.261836 0
2173.532072 1244.749359 0
2173.377879 1475.019085 0
2166.669373 1282.018105 0
2171.421872 1392.317673 0
2183.098163 1444.712755 0
2173.323108 1300.874815 0
2173.803798 1360.628189 0
2174.934264 1320.792301 0
2175.186647 1340.732646 0
2180.376171 1420.257149 0
2181.033667 1378.792494 0
2187.237464 1404.223697 0
2199.986016 1410.699152 0
2200.000000 50.000000 0
2200.000000 200.000000 0
2200.000000 314.611000 0
2200.000000 427.984000 0
2200.000000 486.638000 0
2200.000000 553.781000 0
2200.000000 729.277000 0
2200.000000 1018.145000 0
2200.000000 1162.048594 0
2200.000000 1217.277876 0
2200.000000 1266.616034 0
2200.000000 1301.962775 0
2200.000000 1325.527268 0
2200.000000 1352.037324 0
2200.000000 1377.810989 0
2200.000000 1391.093000 0
2200.000000 1427.149147 0
2200.000000 1456.604765 0
2200.000000 1504.470142 0
2200.000000 1567.672603 0
2200.000000 1656.108697 0
2200.000000 1757.441722 0
2200.000000 1816.680000 0
2200.000000 2000.000000 0
419.493000 0.000000 0
427.846264 18.068778 0
438.593833 34.932533 0
450.810514 50.758514 0
461.290786 67.508310 0
462.406530 87.245321 0
452.658011 104.570141 0
440.928330 120.663339 0
428.420305 136.259433 0
417.342273 152.665279 0
414.433748 171.852698 0
418.698141 190.850666 0
434.484456 202.336436 0
454.473683 201.853072 0
474.233292 199.411736 0
494.147323 198.556874 0
513.799488 201.986179 0
530.576110 210.817859 0
541.423033 227.617123 0
548.856219 246.138312 0
556.875927 264.430258 0
565.946888 282.233005 0
579.528594 296.793499 0
595.432973 308.569358 0
613.588414 316.787070 0
632.876049 321.695937 0
652.590740 324.991562 0
671.781519 329.637384 0
686.864681 342.480957 0
695.211378 360.274007 0
700.696854 379.462049 0
703.767310 399.177704 0
715.644301 415.104944 0
733.708650 423.070302 0
751.871656 431.193538 0
768.455014 442.366090 0
785.038372 453.538643 0
802.057261 464.013933 0
819.098813 474.450136 0
837.095120 483.037112 0
855.533745 490.770326 0
873.972369 498.503541 0
892.853072 504.899365 0
912.336942 509.400127 0
931.820812 513.900888 0
951.185160 518.811185 0
965.080114 532.990635 0
978.076577 548.179559 0
991.065435 563.375583 0
1000.674640 580.227829 0
1003.981886 599.909862 0
1006.287488 619.776254 0
1008.458364 639.656682 0
1010.862965 659.499668 0
1015.725336 678.619143 0
1025.286549 696.147605 0
1035.952934 713.033457 0
1046.659769 729.887437 0
1056.728048 747.137308 0
1071.471668 760.644324 0
1086.257957 774.105782 0
1100.872800 787.758821 0
1115.874597 800.966913 0
1131.036652 813.990356 0
1146.633649 826.468367 0
1162.419285 838.702637 0
1177.681690 851.609987 0
1188.753029 868.181437 0
1199.125343 885.243942 0
1209.418737 902.361918 0
1219.826729 919.419090 0
1230.058464 936.592487 0
1241.142488 953.189477 0
1250.910283 970.587981 0
1260.380777 988.166371 0
1271.779454 1004.557398 0
1283.858756 1020.489215 0
1295.576644 1036.653660 0
1307.831315 1052.287063 0
1325.485155 1061.333945 0
1344.165288 1067.933107 0
1364.047490 1067.082734 0
1383.778901 1064.582550 0
1403.439153 1061.007084 0
1423.203857 1058.163404 0
1443.144067 1056.690487 0
1462.936852 1058.310289 0
1482.398890 1062.685295 0
1498.111808 1074.847907 0
1513.539759 1087.511520 0
1528.446200 1100.839485 0
1544.810460 1112.259159 0
1564.214587 1112.723736 0
1582.619084 1106.060183 0
1594.897329 1090.602185 0
1598.366059 1070.960409 0
1602.362820 1051.612545 0
1613.709051 1036.659793 0
1632.071165 1029.375972 0
1651.478538 1033.456832 0
1669.298606 1042.365606 0
1686.664432 1052.226974 0
1704.321911 1061.594611 0
1722.469730 1069.956058 0
1740.615403 1078.339092 0
1758.437209 1087.383422 0
1775.928196 1097.039918 0
1792.963507 1107.450522 0
1808.535034 1119.977549 0
1823.790233 1132.900171 0
1838.109040 1146.856605 0
1852.352970 1160.894170 0
1867.929969 1173.382153 0
1884.272924 1184.871887 0
1900.966374 1195.605334 0
1920.787812 1198.065440 0
1940.719891 1199.512023 0
1960.714147 1199.820023 0
1980.674659 1200.767351 0
2000.613327 1202.218886 0
2020.589736 1202.999418 0
2040.573093 1203.719758 0
2060.497511 1205.137581 0
2080.472506 1205.663579 0
2098.097040 1213.095859 0
2113.502231 1225.680669 0
2125.751371 1241.464872 0
2138.143317 1257.100111 0
2147.001426 1275.028588 0
2156.170750 1292.784017 0
2161.372215 1311.963915 0
2163.092174 1331.772350 0
2161.395153 1351.695507 0
2164.412621 1371.162039 0
2174.499551 1387.915711 0
2186.797377 1396.783203 0
2199.990677 1404.163768 0
428.230000 0.000000 0
437.527875 17.622044 0
448.838099 34.081821 0
461.354522 49.671821 0
471.026324 66.893396 0
472.036479 86.417328 0
461.726894 103.472627 0
449.987733 119.554742 0
437.714991 135.336029 0
425.480356 151.052398 0
420.432540 169.944105 0
425.145788 188.836074 0
442.737151 196.151960 0
462.660966 194.876597 0
482.275541 191.625397 0
502.185801 192.058241 0
521.698825 196.204739 0
536.504421 208.438528 0
547.213749 225.315932 0
554.326069 243.984902 0
562.863072 262.047099 0
572.481987 279.551620 0
586.390269 293.823326 0
602.524208 305.409281 0
621.280575 312.147950 0
640.926946 315.648723 0
660.619096 319.065374 0
679.396495 324.722533 0
693.519291 338.676161 0
701.441012 356.798102 0
706.664385 376.080710 0
710.736460 395.606599 0
723.168211 410.520199 0
741.721189 417.951914 0
759.346740 427.137144 0
775.767251 438.547687 0
792.325716 449.741864 0
809.662615 459.679708 0
827.010697 469.596195 0
845.267284 477.729413 0
863.576768 485.763607 0
881.886251 493.797802 0
901.164231 498.877924 0
920.702193 503.137746 0
940.240155 507.397568 0
958.818879 514.229573 0
972.540620 528.686859 0
985.868791 543.585562 0
999.180834 558.499320 0
1006.180144 576.538565 0
1010.038523 596.131717 0
1012.618088 615.954025 0
1014.801339 635.832230 0
1017.155651 655.675179 0
1021.893019 674.935713 0
1030.925039 692.718909 0
1042.210873 709.197053 0
1053.567166 725.619183 0
1063.852948 742.666005 0
1078.825098 755.920435 0
1093.758980 769.217661 0
1108.387295 782.856267 0
1123.163600 796.317178 0
1138.020553 809.688223 0
1153.928904 821.724104 0
1169.836978 833.774932 0
1184.648593 847.163606 0
1195.389385 863.931677 0
1205.089116 881.385140 0
1215.291443 898.538446 0
1226.203935 915.279111 0
1236.814354 932.220783 0
1247.731642 948.950412 0
1257.155383 966.538707 0
1266.274926 984.267190 0
1277.952218 1000.461952 0
1290.329075 1016.163347 0
1301.479908 1032.709189 0
1313.848312 1047.947380 0
1331.197073 1057.716364 0
1350.470439 1061.954167 0
1370.136856 1058.990602 0
1389.769558 1055.439883 0
1409.475375 1052.124207 0
1429.340038 1050.052413 0
1449.309052 1049.084607 0
1468.977429 1051.728847 0
1487.976805 1057.674306 0
1503.790495 1069.874862 0
1519.638500 1081.991908 0
1534.355852 1095.527516 0
1550.595686 1107.103963 0
1570.210724 1104.121132 0
1585.968257 1092.691559 0
1592.006372 1073.916125 0
1594.316045 1054.402029 0
1601.508853 1036.300367 0
1618.280010 1025.755693 0
1637.671143 1022.483008 0
1656.674376 1027.637418 0
1674.200931 1037.229411 0
1691.137275 1047.801652 0
1708.745678 1057.262907 0
1727.164839 1065.000840 0
1745.464537 1073.043785 0
1763.465655 1081.727940 0
1780.831830 1091.567408 0
1797.440374 1102.643257 0
1812.904206 1115.320104 0
1828.069180 1128.352600 0
1842.552700 1142.136052 0
1856.905701 1156.061496 0
1872.296960 1168.757982 0
1889.071179 1179.590433 0
1906.782707 1188.112833 0
1926.541498 1191.035548 0
1946.468774 1192.433323 0
1966.466872 1192.489186 0
1986.384053 1194.100655 0
2006.333083 1195.182295 0
2026.323332 1195.566669 0
2046.282462 1196.485563 0
2066.149395 1198.533280 0
2086.132791 1198.537872 0
2103.198551 1207.707537 0
2118.445474 1220.433494 0
2130.140382 1236.630723 0
2143.054766 1251.892218 0
2152.240265 1269.642221 0
2161.314249 1287.448562 0
2167.234191 1306.434275 0
2169.318507 1326.284384 0
2168.253331 1346.210588 0
2168.854676 1365.956406 0
2177.619124 1383.478431 0
2188.531976 1391.030408 0
2199.995339 1397.628384 0
