1 17 2
2 17 26
2 26 3
3 26 30
3 30 4
4 30 41
4 41 5
5 41 22
5 22 6
6 22 7
7 22 27
7 27 16
7 16 8
8 16 14
8 14 9
9 14 15
9 15 18
9 18 10
10 18 23
10 23 24
10 24 11
11 24 35
11 35 33
11 33 19
11 19 12
12 19 36
12 36 62
12 62 13
13 62 60
13 60 20
14 16 15
15 16 21
15 21 18
16 27 21
17 25 28
17 28 26
18 21 31
18 31 23
19 33 48
19 48 36
20 60 103
21 27 37
21 37 31
22 41 61
22 61 46
22 46 27
23 31 38
23 38 29
23 29 24
24 29 34
24 34 40
24 40 35
25 32 28
26 28 39
26 39 47
26 47 30
27 46 37
28 32 39
29 38 34
30 47 49
30 49 41
31 37 38
32 43 39
33 35 42
33 42 51
33 51 48
34 38 44
34 44 40
35 40 45
35 45 42
36 48 59
36 59 62
37 46 63
37 63 56
37 56 38
38 56 44
39 43 52
39 52 47
40 44 53
40 53 45
41 49 55
41 55 71
41 71 61
42 45 50
42 50 57
42 57 51
43 54 52
44 56 53
45 53 50
46 61 96
46 96 159
46 159 63
47 52 68
47 68 58
47 58 49
48 51 66
48 66 59
49 58 67
49 67 55
50 53 64
50 64 57
51 57 65
51 65 72
51 72 66
52 54 70
52 70 68
53 56 74
53 74 64
54 69 70
55 67 77
55 77 71
56 63 88
56 88 74
57 64 76
57 76 65
58 68 75
58 75 73
58 73 67
59 66 78
59 78 94
59 94 79
59 79 62
60 62 86
60 86 174
60 174 103
61 71 98
61 98 96
62 79 105
62 105 86
63 159 172
63 172 88
64 74 101
64 101 76
65 76 72
66 72 81
66 81 91
66 91 78
67 73 80
67 80 77
68 70 82
68 82 85
68 85 75
69 84 70
70 84 97
70 97 82
71 77 99
71 99 98
72 76 90
72 90 81
73 75 83
73 83 80
74 88 155
74 155 101
75 85 87
75 87 83
76 101 90
77 80 89
77 89 99
78 91 113
78 113 94
79 94 122
79 122 105
80 83 92
80 92 89
81 90 130
81 130 91
82 97 100
82 100 85
83 87 93
83 93 95
83 95 92
84 109 114
84 114 110
84 110 97
85 100 107
85 107 102
85 102 87
86 105 170
86 170 174
87 102 106
87 106 93
88 172 155
89 92 112
89 112 116
89 116 99
90 101 157
90 157 130
91 130 113
92 95 108
92 108 112
93 106 104
93 104 111
93 111 95
94 113 132
94 132 122
95 111 108
96 98 147
96 147 165
96 165 159
97 110 118
97 118 100
98 99 138
98 138 147
99 116 138
100 118 125
100 125 117
100 117 107
101 155 192
101 192 157
102 107 115
102 115 106
103 174 294
105 122 154
105 154 170
107 117 123
107 123 115
108 111 120
108 120 128
108 128 112
110 114 121
110 121 129
110 129 118
112 128 137
112 137 116
113 130 163
113 163 132
116 137 160
116 160 138
117 125 131
117 131 123
118 129 140
118 140 125
119 126 133
119 133 124
120 134 128
122 132 153
122 153 176
122 176 154
124 133 139
125 140 141
125 141 131
126 135 143
126 143 133
127 146 136
128 134 142
128 142 137
130 157 163
132 163 153
133 143 150
133 150 139
134 148 142
135 145 143
136 146 144
137 142 156
137 156 160
138 160 173
138 173 147
139 150 149
142 148 156
143 145 158
143 158 169
143 169 150
144 146 168
144 168 152
145 151 158
146 185 168
147 173 193
147 193 180
147 180 165
148 164 171
148 171 156
149 150 166
150 169 166
151 162 167
151 167 158
152 168 161
153 163 189
153 189 176
154 176 195
154 195 209
154 209 170
155 172 262
155 262 303
155 303 192
156 171 179
156 179 160
157 192 249
157 249 216
157 216 163
158 167 177
158 177 169
159 165 205
159 205 226
159 226 172
160 179 183
160 183 173
161 168 175
161 175 162
162 175 184
162 184 167
163 216 189
164 178 171
165 180 220
165 220 205
166 169 181
167 184 177
168 185 186
168 186 175
169 177 182
169 182 181
170 209 225
170 225 174
171 178 187
171 187 179
172 226 262
173 183 199
173 199 193
174 225 267
174 267 294
175 186 190
175 190 184
176 189 227
176 227 195
177 184 191
177 191 182
178 188 187
179 187 196
179 196 183
180 193 219
180 219 220
181 182 197
181 197 194
182 191 197
183 196 200
183 200 199
184 190 215
184 215 217
184 217 191
185 218 207
185 207 186
186 207 190
187 188 198
187 198 202
187 202 196
189 216 227
190 207 215
191 217 214
191 214 197
192 303 249
193 199 213
193 213 219
194 197 203
194 203 201
195 227 229
195 229 209
196 202 204
196 204 200
197 214 203
199 200 208
199 208 223
199 223 213
200 204 210
200 210 208
201 203 212
201 212 206
203 214 230
203 230 212
205 220 237
205 237 245
205 245 226
206 212 222
206 222 211
207 218 239
207 239 248
207 248 215
208 210 224
208 224 223
209 229 257
209 257 225
211 222 231
211 231 221
212 230 222
213 223 234
213 234 232
213 232 219
214 217 243
214 243 230
215 248 261
215 261 217
216 249 289
216 289 227
217 261 243
219 232 238
219 238 220
220 238 251
220 251 237
221 231 228
222 230 236
222 236 231
223 224 233
223 233 234
225 257 267
226 245 290
226 290 282
226 282 262
227 289 266
227 266 254
227 254 229
228 231 241
228 241 235
229 254 257
230 243 236
231 236 250
231 250 241
232 234 244
232 244 246
232 246 238
233 240 234
234 240 244
235 241 242
236 243 255
236 255 250
237 251 264
237 264 263
237 263 245
238 246 265
238 265 251
239 259 248
240 247 244
241 250 252
241 252 242
242 252 253
243 261 276
243 276 255
244 247 256
244 256 246
245 263 290
246 256 271
246 271 265
247 258 256
248 259 285
248 285 261
249 303 363
249 363 350
249 350 289
250 255 270
250 270 268
250 268 252
251 265 272
251 272 264
252 268 269
252 269 260
252 260 253
254 266 279
254 279 257
255 276 270
256 258 271
257 279 299
257 299 317
257 317 267
258 273 271
259 302 285
260 269 274
261 285 312
261 312 276
262 282 360
262 360 336
262 336 303
263 264 288
263 288 296
263 296 290
264 272 281
264 281 288
265 271 275
265 275 277
265 277 272
266 289 323
266 323 279
267 317 333
267 333 294
268 270 283
268 283 269
269 283 280
269 280 274
270 276 314
270 314 283
271 273 278
271 278 286
271 286 275
272 277 287
272 287 281
274 280 284
275 286 291
275 291 277
276 312 332
276 332 314
277 291 292
277 292 287
279 323 313
279 313 299
280 283 298
280 298 295
280 295 284
281 287 297
281 297 288
282 290 326
282 326 357
282 357 360
283 314 298
284 295 293
285 302 346
285 346 312
287 292 301
287 301 297
288 297 307
288 307 296
289 350 342
289 342 323
290 296 325
290 325 326
293 295 306
293 306 300
294 333 396
294 396 463
295 298 311
295 311 306
296 307 322
296 322 325
297 301 309
297 309 310
297 310 307
298 314 311
299 313 338
299 338 349
299 349 317
300 306 308
300 308 304
303 336 376
303 376 363
304 308 316
304 316 305
305 316 315
306 311 318
306 318 308
307 310 320
307 320 324
307 324 322
308 318 327
308 327 316
309 319 310
310 319 320
311 314 328
311 328 318
312 346 356
312 356 332
313 323 338
314 332 328
315 316 321
316 327 330
316 330 321
317 349 362
317 362 333
318 328 337
318 337 327
319 329 320
320 329 324
321 330 331
322 324 340
322 340 347
322 347 325
323 342 358
323 358 338
324 329 334
324 334 335
324 335 340
325 347 326
326 347 366
326 366 357
327 337 341
327 341 330
328 332 348
328 348 337
330 341 344
330 344 331
331 344 339
332 356 348
333 362 396
334 343 335
335 343 352
335 352 340
336 360 386
336 386 376
337 348 367
337 367 368
337 368 341
338 358 364
338 364 349
339 344 345
340 352 351
340 351 359
340 359 347
341 368 353
341 353 344
342 350 402
342 402 358
344 353 354
344 354 345
345 354 355
346 398 400
346 400 356
347 359 371
347 371 366
348 356 382
348 382 367
349 364 379
349 379 362
350 363 432
350 432 402
351 352 361
351 361 365
351 365 359
353 368 370
353 370 354
354 370 373
354 373 355
355 373 369
356 400 382
357 366 392
357 392 397
357 397 399
357 399 360
358 402 394
358 394 364
359 365 375
359 375 374
359 374 371
360 399 386
361 372 365
362 379 439
362 439 396
363 376 424
363 424 466
363 466 432
364 394 387
364 387 379
365 372 375
366 371 389
366 389 392
367 382 388
367 388 368
368 388 383
368 383 370
369 373 377
370 383 384
370 384 373
371 374 385
371 385 389
372 378 375
373 384 377
374 375 380
374 380 385
375 378 380
376 386 420
376 420 424
377 384 391
377 391 381
378 390 380
379 387 413
379 413 418
379 418 439
380 390 395
380 395 385
381 391 393
382 400 437
382 437 458
382 458 422
382 422 388
383 388 408
383 408 403
383 403 384
384 403 391
385 395 405
385 405 389
386 399 417
386 417 442
386 442 420
387 394 413
388 422 408
389 405 409
389 409 392
390 401 395
391 403 404
391 404 393
392 409 414
392 414 397
393 404 406
394 402 427
394 427 413
395 401 407
395 407 405
396 439 514
396 514 463
397 414 423
397 423 399
398 502 400
399 423 443
399 443 417
400 502 550
400 550 437
401 410 407
402 432 452
402 452 427
403 408 416
403 416 404
404 416 411
404 411 406
405 407 419
405 419 415
405 415 409
406 411 412
407 410 419
408 422 428
408 428 416
409 415 429
409 429 414
410 421 419
411 416 426
411 426 412
412 426 425
413 427 445
413 445 418
414 429 436
414 436 435
414 435 441
414 441 423
415 419 431
415 431 429
416 428 433
416 433 426
417 443 451
417 451 442
418 445 468
418 468 439
419 421 430
419 430 438
419 438 431
420 442 484
420 484 472
420 472 424
422 458 461
422 461 428
423 441 456
423 456 443
424 472 532
424 532 466
425 426 440
425 440 434
426 433 440
427 452 504
427 504 445
428 461 459
428 459 433
429 431 444
429 444 448
429 448 436
431 438 447
431 447 444
432 466 517
432 517 530
432 530 452
433 459 455
433 455 440
434 440 449
434 449 446
435 436 450
435 450 453
435 453 441
436 448 465
436 465 450
437 550 528
437 528 458
439 468 511
439 511 514
440 455 449
441 453 464
441 464 456
442 451 481
442 481 484
443 456 478
443 478 475
443 475 451
444 447 457
444 457 460
444 460 448
445 504 487
445 487 468
446 449 454
448 460 462
448 462 465
449 455 474
449 474 454
450 465 467
450 467 453
451 475 492
451 492 481
452 530 504
453 467 470
453 470 464
454 474 473
454 473 469
455 459 498
455 498 501
455 501 474
456 464 486
456 486 478
458 528 518
458 518 461
459 461 498
461 518 498
463 514 660
464 470 479
464 479 486
466 532 517
468 487 523
468 523 540
468 540 511
469 473 483
469 483 471
471 483 488
471 488 476
472 484 527
472 527 532
473 474 495
473 495 483
474 501 495
475 478 489
475 489 497
475 497 492
476 488 490
476 490 477
477 490 493
477 493 480
478 486 494
478 494 489
480 493 482
481 492 506
481 506 484
482 493 496
482 496 485
483 495 503
483 503 488
484 506 526
484 526 522
484 522 527
485 496 505
485 505 491
487 504 523
488 503 507
488 507 490
489 494 500
489 500 497
490 507 510
490 510 493
491 505 499
492 497 509
492 509 506
493 510 515
493 515 496
495 501 519
495 519 503
496 515 505
497 500 512
497 512 509
498 518 535
498 535 501
499 505 513
499 513 508
501 535 519
502 593 550
503 519 546
503 546 507
504 530 548
504 548 523
505 515 524
505 524 513
506 509 525
506 525 526
507 546 533
507 533 510
508 513 521
508 521 516
509 512 520
509 520 525
510 533 539
510 539 515
511 540 568
511 568 514
513 524 536
513 536 521
514 568 595
514 595 660
515 539 524
516 521 534
516 534 529
517 532 561
517 561 572
517 572 530
518 528 586
518 586 564
518 564 535
519 535 546
520 531 525
521 536 534
522 526 542
522 542 543
522 543 527
523 548 552
523 552 540
524 539 536
525 531 541
525 541 537
525 537 526
526 537 545
526 545 542
527 543 558
527 558 555
527 555 532
528 550 623
528 623 586
529 534 538
530 572 606
530 606 548
532 555 574
532 574 561
533 546 560
533 560 539
534 536 549
534 549 547
534 547 538
535 564 587
535 587 546
536 539 554
536 554 549
537 541 551
537 551 545
538 547 544
539 560 554
540 552 582
540 582 611
540 611 568
542 545 557
542 557 556
542 556 543
543 556 566
543 566 558
544 547 563
544 563 565
544 565 553
545 551 559
545 559 557
546 587 560
547 549 563
548 606 596
548 596 582
548 582 552
549 554 569
549 569 563
550 593 662
550 662 623
553 565 562
554 560 580
554 580 569
555 558 576
555 576 585
555 585 574
556 557 571
556 571 566
557 559 567
557 567 571
558 566 573
558 573 584
558 584 576
560 587 622
560 622 580
561 574 601
561 601 604
561 604 572
562 565 575
562 575 570
563 569 578
563 578 565
564 586 635
564 635 587
565 578 575
566 571 581
566 581 573
567 577 571
568 611 656
568 656 595
569 580 613
569 613 603
569 603 578
570 575 579
571 577 583
571 583 581
572 604 632
572 632 606
573 581 589
573 589 584
574 585 607
574 607 601
575 578 592
575 592 591
575 591 579
576 584 598
576 598 609
576 609 585
578 603 592
579 591 588
580 622 613
581 583 590
581 590 597
581 597 589
582 596 616
582 616 611
584 589 599
584 599 608
584 608 598
585 609 618
585 618 607
586 623 691
586 691 635
587 635 622
588 591 600
588 600 594
589 597 605
589 605 599
591 592 610
591 610 600
592 603 610
593 714 689
593 689 662
594 600 614
594 614 602
595 656 737
595 737 660
596 606 665
596 665 616
598 608 620
598 620 609
599 605 615
599 615 608
600 610 621
600 621 614
601 607 631
601 631 637
601 637 604
602 614 628
602 628 612
603 613 642
603 642 627
603 627 610
604 637 649
604 649 632
606 632 681
606 681 686
606 686 665
607 618 631
608 615 619
608 619 626
608 626 620
609 620 629
609 629 618
610 627 621
611 616 650
611 650 654
611 654 656
612 628 624
612 624 617
613 622 677
613 677 642
614 621 628
616 665 650
617 624 630
617 630 625
618 629 636
618 636 641
618 641 631
620 626 634
620 634 629
621 627 643
621 643 628
622 635 677
623 662 694
623 694 716
623 716 691
624 628 640
624 640 630
625 630 633
627 642 657
627 657 643
628 643 640
629 634 639
629 639 636
630 640 648
630 648 633
631 641 652
631 652 645
631 645 637
632 649 680
632 680 681
633 648 646
633 646 638
635 691 738
635 738 677
636 639 647
636 647 641
637 645 666
637 666 668
637 668 649
638 646 651
638 651 644
640 643 659
640 659 648
641 647 655
641 655 652
642 677 684
642 684 657
643 657 683
643 683 659
644 651 653
645 652 667
645 667 666
646 648 661
646 661 651
648 659 674
648 674 661
649 668 680
650 665 676
650 676 654
651 661 675
651 675 663
651 663 653
652 655 664
652 664 667
653 663 658
654 676 692
654 692 656
656 692 709
656 709 737
657 684 683
658 663 670
658 670 669
659 683 674
660 737 831
661 674 697
661 697 675
662 689 706
662 706 694
663 675 670
664 671 667
665 686 700
665 700 676
666 667 673
666 673 678
666 678 668
667 671 673
668 678 688
668 688 680
669 670 679
669 679 672
670 675 687
670 687 679
671 685 673
672 679 682
673 685 690
673 690 678
674 683 702
674 702 697
675 697 687
676 700 705
676 705 692
677 738 727
677 727 684
678 690 698
678 698 688
679 687 695
679 695 682
680 688 708
680 708 720
680 720 681
681 720 754
681 754 730
681 730 686
682 695 693
683 684 713
683 713 732
683 732 702
684 727 713
685 696 690
686 730 700
687 697 701
687 701 695
688 698 708
689 714 725
689 725 706
690 696 699
690 699 698
691 716 748
691 748 738
692 705 735
692 735 709
693 695 703
694 706 724
694 724 747
694 747 716
695 701 707
695 707 703
696 704 699
697 702 718
697 718 715
697 715 701
698 699 710
698 710 722
698 722 708
699 704 710
700 730 742
700 742 728
700 728 705
701 715 707
702 732 718
703 707 711
704 712 710
705 728 735
706 725 741
706 741 724
707 715 717
707 717 711
708 722 749
708 749 750
708 750 720
709 735 772
709 772 737
710 712 719
710 719 736
710 736 722
711 717 721
712 723 719
713 727 784
713 784 759
713 759 732
714 766 725
715 718 731
715 731 726
715 726 717
716 747 765
716 765 748
717 726 721
718 732 740
718 740 731
719 723 729
719 729 736
720 750 754
721 726 733
722 736 749
723 734 729
724 741 756
724 756 747
725 766 741
726 731 739
726 739 733
727 738 805
727 805 784
728 742 758
728 758 735
729 734 743
729 743 736
730 754 806
730 806 776
730 776 742
731 740 746
731 746 739
732 759 780
732 780 762
732 762 740
733 739 744
734 745 743
735 758 770
735 770 772
736 743 757
736 757 749
737 772 829
737 829 893
737 893 831
738 748 788
738 788 805
739 746 751
739 751 744
740 762 746
741 766 787
741 787 756
742 776 758
743 745 755
743 755 753
743 753 757
744 751 752
746 762 761
746 761 751
747 756 768
747 768 786
747 786 765
748 765 792
748 792 788
749 757 767
749 767 750
750 767 775
750 775 789
750 789 754
751 761 760
751 760 752
752 760 764
753 755 763
753 763 771
753 771 757
754 789 796
754 796 806
756 787 768
757 771 769
757 769 767
758 776 783
758 783 770
759 784 801
759 801 813
759 813 780
760 761 777
760 777 773
760 773 764
761 762 791
761 791 777
762 780 791
764 773 774
765 786 797
765 797 792
766 863 787
767 769 779
767 779 785
767 785 775
768 787 816
768 816 786
769 771 778
769 778 779
770 783 821
770 821 772
772 821 829
773 777 782
773 782 774
774 782 781
775 785 800
775 800 802
775 802 789
776 806 834
776 834 815
776 815 783
777 791 803
777 803 782
778 790 779
779 790 794
779 794 785
780 813 809
780 809 791
781 782 795
781 795 793
782 803 810
782 810 795
783 815 821
784 805 856
784 856 801
785 794 800
786 816 797
787 863 865
787 865 816
788 792 827
788 827 849
788 849 805
789 802 824
789 824 796
790 799 794
791 809 811
791 811 803
792 797 823
792 823 827
793 795 804
793 804 798
794 799 807
794 807 800
795 810 808
795 808 804
796 824 853
796 853 806
797 816 850
797 850 823
798 804 812
799 814 807
800 807 822
800 822 830
800 830 802
801 856 881
801 881 851
801 851 813
802 830 824
803 811 819
803 819 810
804 808 817
804 817 812
805 849 890
805 890 913
805 913 856
806 853 899
806 899 872
806 872 834
807 814 818
807 818 822
808 810 820
808 820 817
809 813 838
809 838 828
809 828 811
810 819 825
810 825 820
811 828 832
811 832 819
813 851 838
814 826 835
814 835 818
815 834 848
815 848 821
816 865 850
818 835 841
818 841 822
819 832 837
819 837 825
821 848 866
821 866 829
822 841 854
822 854 830
823 850 855
823 855 827
824 830 858
824 858 853
826 833 840
826 840 835
827 855 879
827 879 885
827 885 849
828 838 847
828 847 842
828 842 832
829 866 882
829 882 893
830 854 858
831 893 952
831 952 1001
832 842 844
832 844 837
833 836 843
833 843 840
834 872 848
835 840 852
835 852 841
836 839 846
836 846 843
838 851 862
838 862 847
839 845 846
840 843 861
840 861 852
841 852 870
841 870 854
842 847 857
842 857 844
843 846 864
843 864 861
844 857 859
845 860 846
846 860 864
847 862 867
847 867 857
848 872 873
848 873 866
849 885 890
850 865 887
850 887 855
851 881 883
851 883 862
852 861 877
852 877 870
853 858 897
853 897 899
854 870 880
854 880 858
855 887 879
856 913 912
856 912 881
857 867 869
857 869 859
858 880 911
858 911 897
859 869 868
860 871 864
861 864 878
861 878 877
862 883 886
862 886 867
863 941 865
864 871 876
864 876 878
865 941 909
865 909 887
866 873 902
866 902 882
867 886 869
868 869 875
868 875 874
869 886 875
870 877 894
870 894 880
872 899 918
872 918 900
872 900 873
873 900 902
874 875 892
874 892 884
875 886 891
875 891 892
876 888 878
877 878 889
877 889 895
877 895 894
878 888 889
879 887 903
879 903 885
880 894 916
880 916 911
881 912 922
881 922 883
882 902 926
882 926 893
883 922 915
883 915 907
883 907 886
884 892 896
885 903 927
885 927 890
886 907 891
887 909 920
887 920 903
888 898 889
889 898 905
889 905 895
890 927 968
890 968 913
891 907 908
891 908 892
892 908 901
892 901 896
893 926 952
894 895 910
894 910 916
895 905 906
895 906 910
896 901 904
897 911 936
897 936 929
897 929 899
899 929 960
899 960 918
900 918 930
900 930 902
901 908 917
901 917 904
902 930 939
902 939 926
903 920 931
903 931 927
904 917 914
905 919 906
906 919 923
906 923 910
907 915 932
907 932 908
908 932 921
908 921 917
909 941 980
909 980 957
909 957 920
910 923 916
911 916 933
911 933 946
911 946 936
912 913 1002
912 1002 984
912 984 922
913 968 1002
914 917 928
914 928 924
915 922 945
915 945 932
916 923 935
916 935 938
916 938 933
917 921 928
918 960 947
918 947 930
919 925 923
920 957 954
920 954 931
921 932 948
921 948 940
921 940 928
922 984 945
923 925 937
923 937 935
924 928 934
926 939 975
926 975 952
927 931 959
927 959 964
927 964 968
928 940 943
928 943 934
929 936 967
929 967 976
929 976 960
930 947 956
930 956 939
931 954 959
932 945 948
933 938 951
933 951 946
934 943 942
935 937 944
935 944 953
935 953 949
935 949 938
936 946 965
936 965 967
938 949 951
939 956 973
939 973 990
939 990 975
940 948 958
940 958 943
941 1029 980
942 943 955
942 955 950
943 958 955
945 984 989
945 989 982
945 982 948
946 951 966
946 966 965
947 960 985
947 985 956
948 982 977
948 977 958
949 953 963
949 963 961
949 961 951
950 955 969
950 969 962
951 961 970
951 970 966
952 975 993
952 993 1015
952 1015 1001
954 957 1006
954 1006 959
955 958 969
956 985 973
957 980 1052
957 1052 1042
957 1042 1006
958 977 969
959 1006 988
959 988 964
960 976 1011
960 1011 1016
960 1016 985
961 963 972
961 972 970
962 969 974
962 974 971
964 988 1014
964 1014 1021
964 1021 968
965 966 986
965 986 1003
965 1003 996
965 996 967
966 970 979
966 979 986
967 996 976
968 1021 1017
968 1017 1002
969 977 987
969 987 974
970 972 981
970 981 979
971 974 983
971 983 978
973 985 1005
973 1005 990
974 987 983
975 990 1004
975 1004 993
976 996 1012
976 1012 1011
977 982 1009
977 1009 999
977 999 987
978 983 995
978 995 991
979 981 992
979 992 998
979 998 986
980 1029 1052
982 989 1028
982 1028 1009
983 987 994
983 994 995
984 1002 1067
984 1067 1041
984 1041 989
985 1016 1043
985 1043 1005
986 998 1000
986 1000 1003
987 999 994
988 1006 1014
989 1041 1028
990 1005 1027
990 1027 1004
991 995 997
993 1004 1020
993 1020 1033
993 1033 1015
994 999 1032
994 1032 1019
994 1019 1008
994 1008 995
995 1008 997
996 1003 1024
996 1024 1012
997 1008 1007
998 1010 1000
999 1009 1032
1000 1010 1013
1000 1013 1003
1001 1015 1066
1001 1066 1185
1002 1017 1062
1002 1062 1067
1003 1013 1022
1003 1022 1024
1004 1027 1020
1005 1043 1027
1006 1042 1057
1006 1057 1014
1007 1008 1018
1008 1019 1025
1008 1025 1018
1009 1028 1064
1009 1064 1054
1009 1054 1032
1010 1023 1013
1011 1012 1039
1011 1039 1050
1011 1050 1016
1012 1024 1039
1013 1023 1026
1013 1026 1022
1014 1057 1037
1014 1037 1021
1015 1033 1051
1015 1051 1066
1016 1050 1043
1017 1021 1068
1017 1068 1062
1018 1025 1030
1019 1032 1034
1019 1034 1025
1020 1027 1047
1020 1047 1033
1021 1037 1061
1021 1061 1068
1022 1026 1036
1022 1036 1024
1023 1031 1026
1024 1036 1044
1024 1044 1039
1025 1034 1030
1026 1031 1035
1026 1035 1036
1027 1043 1069
1027 1069 1047
1028 1041 1064
1029 1106 1052
1030 1034 1038
1031 1040 1035
1032 1054 1048
1032 1048 1034
1033 1047 1051
1034 1048 1045
1034 1045 1038
1035 1040 1046
1035 1046 1036
1036 1046 1055
1036 1055 1044
1037 1057 1061
1038 1045 1049
1039 1044 1065
1039 1065 1071
1039 1071 1050
1040 1053 1046
1041 1067 1098
1041 1098 1064
1042 1052 1089
1042 1089 1057
1043 1050 1081
1043 1081 1085
1043 1085 1069
1044 1055 1065
1045 1048 1056
1045 1056 1049
1046 1053 1058
1046 1058 1055
1047 1069 1086
1047 1086 1051
1048 1054 1072
1048 1072 1063
1048 1063 1056
1049 1056 1059
1050 1071 1083
1050 1083 1081
1051 1086 1076
1051 1076 1066
1052 1106 1162
1052 1162 1163
1052 1163 1089
1053 1060 1058
1054 1064 1079
1054 1079 1072
1055 1058 1074
1055 1074 1065
1056 1063 1075
1056 1075 1070
1056 1070 1059
1057 1089 1105
1057 1105 1061
1058 1060 1074
1060 1073 1074
1061 1105 1088
1061 1088 1068
1062 1068 1109
1062 1109 1107
1062 1107 1067
1063 1072 1078
1063 1078 1075
1064 1098 1079
1065 1074 1080
1065 1080 1093
1065 1093 1071
1066 1076 1102
1066 1102 1185
1067 1107 1168
1067 1168 1098
1068 1088 1109
1069 1085 1126
1069 1126 1117
1069 1117 1086
1070 1075 1077
1071 1093 1099
1071 1099 1083
1072 1079 1092
1072 1092 1078
1073 1082 1074
1074 1082 1084
1074 1084 1080
1075 1078 1087
1075 1087 1077
1076 1086 1102
1077 1087 1090
1078 1092 1095
1078 1095 1087
1079 1098 1169
1079 1169 1092
1080 1084 1096
1080 1096 1108
1080 1108 1093
1081 1083 1103
1081 1103 1104
1081 1104 1085
1082 1091 1084
1083 1099 1118
1083 1118 1103
1084 1091 1094
1084 1094 1096
1085 1104 1126
1086 1117 1135
1086 1135 1102
1087 1095 1097
1087 1097 1090
1088 1105 1114
1088 1114 1109
1089 1163 1164
1089 1164 1105
1090 1097 1100
1091 1101 1094
1092 1169 1115
1092 1115 1095
1093 1108 1116
1093 1116 1099
1094 1101 1111
1094 1111 1096
1095 1115 1113
1095 1113 1097
1096 1111 1112
1096 1112 1108
1097 1113 1100
1098 1168 1169
1099 1116 1122
1099 1122 1118
1100 1113 1110
1102 1135 1185
1103 1118 1124
1103 1124 1125
1103 1125 1104
1104 1125 1138
1104 1138 1126
1105 1164 1165
1105 1165 1114
1107 1109 1167
1107 1167 1168
1108 1112 1120
1108 1120 1130
1108 1130 1116
1109 1114 1146
1109 1146 1167
1110 1113 1123
1110 1123 1121
1111 1119 1112
1112 1119 1128
1112 1128 1120
1113 1115 1127
1113 1127 1123
1114 1165 1146
1115 1169 1170
1115 1170 1127
1116 1130 1131
1116 1131 1122
1117 1126 1182
1117 1182 1183
1117 1183 1135
1118 1122 1134
1118 1134 1136
1118 1136 1124
1120 1128 1133
1120 1133 1130
1121 1123 1132
1121 1132 1129
1122 1131 1142
1122 1142 1134
1123 1127 1132
1124 1136 1147
1124 1147 1139
1124 1139 1125
1125 1139 1150
1125 1150 1138
1126 1138 1181
1126 1181 1182
1127 1170 1132
1129 1132 1141
1129 1141 1137
1130 1133 1140
1130 1140 1143
1130 1143 1131
1131 1143 1144
1131 1144 1142
1132 1170 1171
1132 1171 1141
1134 1142 1148
1134 1148 1136
1135 1183 1184
1135 1184 1185
1136 1148 1152
1136 1152 1147
1137 1141 1149
1137 1149 1145
1138 1150 1180
1138 1180 1181
1139 1147 1158
1139 1158 1153
1139 1153 1150
1141 1171 1149
1145 1149 1172
1145 1172 1151
1146 1165 1166
1146 1166 1167
1147 1152 1158
1149 1171 1172
1150 1153 1179
1150 1179 1180
1151 1172 1173
1151 1173 1154
1152 1160 1158
1153 1158 1178
1153 1178 1179
1154 1173 1156
1155 1157 1175
1155 1175 1159
1156 1173 1174
1156 1174 1157
1157 1174 1175
1158 1160 1161
1158 1161 1178
1159 1175 1176
1159 1176 1177
109 1186 114
114 1186 1187
114 1187 121
121 1187 1188
121 1188 129
129 1188 1189
129 1189 140
140 1189 1190
140 1190 1191
140 1191 141
141 1191 1192
141 1192 131
131 1192 1193
131 1193 123
123 1193 1194
123 1194 115
115 1194 1195
115 1195 106
106 1195 1196
106 1196 104
104 1196 1197
104 1197 111
111 1197 120
120 1197 1198
120 1198 134
134 1198 1199
134 1199 148
148 1199 1200
148 1200 164
164 1200 1201
164 1201 178
178 1201 1202
178 1202 188
188 1202 1203
188 1203 198
198 1203 1204
198 1204 202
202 1204 1205
202 1205 204
204 1205 1206
204 1206 210
210 1206 1207
210 1207 224
224 1207 1208
224 1208 233
233 1208 1209
233 1209 240
240 1209 1210
240 1210 247
247 1210 1211
247 1211 258
258 1211 1212
258 1212 273
273 1212 1213
273 1213 278
278 1213 1214
278 1214 1215
278 1215 286
286 1215 1216
286 1216 291
291 1216 1217
291 1217 292
292 1217 301
301 1217 1218
301 1218 309
309 1218 1219
309 1219 319
319 1219 1220
319 1220 329
329 1220 1221
329 1221 334
334 1221 1222
334 1222 343
343 1222 1223
343 1223 352
352 1223 1224
352 1224 361
361 1224 1225
361 1225 372
372 1225 1226
372 1226 378
378 1226 1227
378 1227 390
390 1227 1228
390 1228 401
401 1228 1229
401 1229 410
410 1229 1230
410 1230 421
421 1230 1231
421 1231 430
430 1231 1232
430 1232 438
438 1232 1233
438 1233 447
447 1233 1234
447 1234 457
457 1234 1235
457 1235 1236
457 1236 460
460 1236 1237
460 1237 462
462 1237 1238
462 1238 465
465 1238 1239
465 1239 467
467 1239 1240
467 1240 470
470 1240 1241
470 1241 479
479 1241 1242
479 1242 486
486 1242 1243
486 1243 494
494 1243 1244
494 1244 500
500 1244 512
512 1244 1245
512 1245 520
520 1245 1246
520 1246 531
531 1246 1247
531 1247 541
541 1247 1248
541 1248 551
551 1248 1249
551 1249 559
559 1249 1250
559 1250 567
567 1250 1251
567 1251 577
577 1251 1252
577 1252 583
583 1252 1253
583 1253 1254
583 1254 590
590 1254 1255
590 1255 597
597 1255 1256
597 1256 605
605 1256 1257
605 1257 615
615 1257 619
619 1257 1258
619 1258 1259
619 1259 626
626 1259 1260
626 1260 634
634 1260 639
639 1260 1261
639 1261 647
647 1261 1262
647 1262 655
655 1262 1263
655 1263 664
664 1263 1264
664 1264 671
671 1264 1265
671 1265 685
685 1265 1266
685 1266 696
696 1266 1267
696 1267 704
704 1267 1268
704 1268 712
712 1268 1269
712 1269 723
723 1269 1270
723 1270 734
734 1270 1271
734 1271 745
745 1271 1272
745 1272 755
755 1272 1273
755 1273 763
763 1273 1274
763 1274 771
771 1274 1275
771 1275 778
778 1275 1276
778 1276 790
790 1276 1277
790 1277 799
799 1277 1278
799 1278 814
814 1278 1279
814 1279 826
826 1279 1280
826 1280 833
833 1280 1281
833 1281 836
836 1281 1282
836 1282 839
839 1282 1283
839 1283 845
845 1283 1284
845 1284 860
860 1284 1285
860 1285 871
871 1285 1286
871 1286 876
876 1286 1287
876 1287 888
888 1287 1288
888 1288 898
898 1288 1289
898 1289 905
905 1289 1290
905 1290 919
919 1290 1291
919 1291 925
925 1291 1292
925 1292 937
937 1292 1293
937 1293 944
944 1293 1294
944 1294 953
953 1294 1295
953 1295 1296
953 1296 963
963 1296 1297
963 1297 972
972 1297 981
981 1297 1298
981 1298 992
992 1298 1299
992 1299 998
998 1299 1300
998 1300 1010
1010 1300 1301
1010 1301 1023
1023 1301 1302
1023 1302 1031
1031 1302 1303
1031 1303 1040
1040 1303 1304
1040 1304 1053
1053 1304 1305
1053 1305 1060
1060 1305 1306
1060 1306 1073
1073 1306 1307
1073 1307 1082
1082 1307 1308
1082 1308 1091
1091 1308 1309
1091 1309 1101
1101 1309 1310
1101 1310 1111
1111 1310 1311
1111 1311 1312
1111 1312 1119
1119 1312 1313
1119 1313 1128
1128 1313 1314
1128 1314 1133
1133 1314 1315
1133 1315 1140
1140 1315 1316
1140 1316 1143
1143 1316 1317
1143 1317 1144
1144 1317 1318
1144 1318 1142
1142 1318 1319
1142 1319 1148
1148 1319 1320
1148 1320 1152
1152 1320 1321
1152 1321 1160
1160 1321 1322
1160 1322 1161
1186 1323 1187
1187 1323 1324
1187 1324 1188
1188 1324 1325
1188 1325 1189
1189 1325 1326
1189 1326 1190
1190 1326 1327
1190 1327 1328
1190 1328 1191
1191 1328 1329
1191 1329 1192
1192 1329 1330
1192 1330 1193
1193 1330 1331
1193 1331 1194
1194 1331 1332
1194 1332 1195
1195 1332 1333
1195 1333 1196
1196 1333 1334
1196 1334 1197
1197 1334 1198
1198 1334 1335
1198 1335 1199
1199 1335 1336
1199 1336 1200
1200 1336 1337
1200 1337 1201
1201 1337 1338
1201 1338 1202
1202 1338 1339
1202 1339 1203
1203 1339 1340
1203 1340 1204
1204 1340 1341
1204 1341 1342
1204 1342 1205
1205 1342 1206
1206 1342 1343
1206 1343 1207
1207 1343 1344
1207 1344 1208
1208 1344 1345
1208 1345 1209
1209 1345 1346
1209 1346 1210
1210 1346 1347
1210 1347 1211
1211 1347 1348
1211 1348 1212
1212 1348 1349
1212 1349 1213
1213 1349 1350
1213 1350 1214
1214 1350 1351
1214 1351 1352
1214 1352 1215
1215 1352 1353
1215 1353 1216
1216 1353 1354
1216 1354 1217
1217 1354 1218
1218 1354 1355
1218 1355 1219
1219 1355 1356
1219 1356 1220
1220 1356 1357
1220 1357 1221
1221 1357 1358
1221 1358 1222
1222 1358 1359
1222 1359 1223
1223 1359 1360
1223 1360 1224
1224 1360 1361
1224 1361 1225
1225 1361 1362
1225 1362 1226
1226 1362 1363
1226 1363 1227
1227 1363 1364
1227 1364 1228
1228 1364 1365
1228 1365 1229
1229 1365 1366
1229 1366 1230
1230 1366 1367
1230 1367 1231
1231 1367 1368
1231 1368 1232
1232 1368 1369
1232 1369 1233
1233 1369 1370
1233 1370 1234
1234 1370 1371
1234 1371 1372
1234 1372 1235
1235 1372 1373
1235 1373 1236
1236 1373 1374
1236 1374 1237
1237 1374 1375
1237 1375 1238
1238 1375 1376
1238 1376 1239
1239 1376 1377
1239 1377 1240
1240 1377 1378
1240 1378 1241
1241 1378 1242
1242 1378 1379
1242 1379 1243
1243 1379 1380
1243 1380 1381
1243 1381 1244
1244 1381 1245
1245 1381 1382
1245 1382 1246
1246 1382 1383
1246 1383 1247
1247 1383 1384
1247 1384 1248
1248 1384 1385
1248 1385 1249
1249 1385 1386
1249 1386 1250
1250 1386 1387
1250 1387 1251
1251 1387 1388
1251 1388 1252
1252 1388 1389
1252 1389 1253
1253 1389 1390
1253 1390 1391
1253 1391 1254
1254 1391 1392
1254 1392 1255
1255 1392 1393
1255 1393 1256
1256 1393 1394
1256 1394 1257
1257 1394 1258
1258 1394 1395
1258 1395 1396
1258 1396 1259
1259 1396 1397
1259 1397 1260
1260 1397 1261
1261 1397 1398
1261 1398 1262
1262 1398 1399
1262 1399 1263
1263 1399 1400
1263 1400 1264
1264 1400 1401
1264 1401 1265
1265 1401 1402
1265 1402 1266
1266 1402 1403
1266 1403 1267
1267 1403 1404
1267 1404 1268
1268 1404 1405
1268 1405 1269
1269 1405 1406
1269 1406 1270
1270 1406 1407
1270 1407 1271
1271 1407 1408
1271 1408 1272
1272 1408 1409
1272 1409 1273
1273 1409 1410
1273 1410 1274
1274 1410 1411
1274 1411 1275
1275 1411 1412
1275 1412 1276
1276 1412 1413
1276 1413 1277
1277 1413 1414
1277 1414 1278
1278 1414 1415
1278 1415 1279
1279 1415 1416
1279 1416 1280
1280 1416 1417
1280 1417 1281
1281 1417 1418
1281 1418 1282
1282 1418 1419
1282 1419 1283
1283 1419 1420
1283 1420 1284
1284 1420 1421
1284 1421 1285
1285 1421 1422
1285 1422 1286
1286 1422 1423
1286 1423 1287
1287 1423 1424
1287 1424 1288
1288 1424 1425
1288 1425 1289
1289 1425 1426
1289 1426 1290
1290 1426 1427
1290 1427 1291
1291 1427 1428
1291 1428 1292
1292 1428 1429
1292 1429 1293
1293 1429 1430
1293 1430 1294
1294 1430 1431
1294 1431 1295
1295 1431 1432
1295 1432 1433
1295 1433 1296
1296 1433 1434
1296 1434 1297
1297 1434 1298
1298 1434 1435
1298 1435 1299
1299 1435 1436
1299 1436 1300
1300 1436 1437
1300 1437 1301
1301 1437 1438
1301 1438 1302
1302 1438 1439
1302 1439 1303
1303 1439 1440
1303 1440 1304
1304 1440 1441
1304 1441 1305
1305 1441 1442
1305 1442 1306
1306 1442 1443
1306 1443 1307
1307 1443 1444
1307 1444 1308
1308 1444 1445
1308 1445 1309
1309 1445 1446
1309 1446 1310
1310 1446 1447
1310 1447 1311
1311 1447 1448
1311 1448 1449
1311 1449 1312
1312 1449 1450
1312 1450 1313
1313 1450 1451
1313 1451 1314
1314 1451 1452
1314 1452 1315
1315 1452 1453
1315 1453 1316
1316 1453 1454
1316 1454 1317
1317 1454 1455
1317 1455 1318
1318 1455 1456
1318 1456 1319
1319 1456 1457
1319 1457 1320
1320 1457 1458
1320 1458 1321
1321 1458 1459
1321 1459 1322
1323 127 1324
1324 127 136
1324 136 1325
1325 136 144
1325 144 1326
1326 144 152
1326 152 1327
1327 152 161
1327 161 162
1327 162 1328
1328 162 151
1328 151 1329
1329 151 145
1329 145 1330
1330 145 135
1330 135 1331
1331 135 126
1331 126 1332
1332 126 119
1332 119 1333
1333 119 124
1333 124 1334
1334 124 1335
1335 124 139
1335 139 1336
1336 139 149
1336 149 1337
1337 149 166
1337 166 1338
1338 166 181
1338 181 1339
1339 181 194
1339 194 1340
1340 194 201
1340 201 1341
1341 201 206
1341 206 211
1341 211 1342
1342 211 1343
1343 211 221
1343 221 1344
1344 221 228
1344 228 1345
1345 228 235
1345 235 1346
1346 235 242
1346 242 1347
1347 242 253
1347 253 1348
1348 253 260
1348 260 1349
1349 260 274
1349 274 1350
1350 274 284
1350 284 1351
1351 284 293
1351 293 300
1351 300 1352
1352 300 304
1352 304 1353
1353 304 305
1353 305 1354
1354 305 1355
1355 305 315
1355 315 1356
1356 315 321
1356 321 1357
1357 321 331
1357 331 1358
1358 331 339
1358 339 1359
1359 339 345
1359 345 1360
1360 345 355
1360 355 1361
1361 355 369
1361 369 1362
1362 369 377
1362 377 1363
1363 377 381
1363 381 1364
1364 381 393
1364 393 1365
1365 393 406
1365 406 1366
1366 406 412
1366 412 1367
1367 412 425
1367 425 1368
1368 425 434
1368 434 1369
1369 434 446
1369 446 1370
1370 446 454
1370 454 1371
1371 454 469
1371 469 471
1371 471 1372
1372 471 476
1372 476 1373
1373 476 477
1373 477 1374
1374 477 480
1374 480 1375
1375 480 482
1375 482 1376
1376 482 485
1376 485 1377
1377 485 491
1377 491 1378
1378 491 1379
1379 491 499
1379 499 1380
1380 499 508
1380 508 516
1380 516 1381
1381 516 1382
1382 516 529
1382 529 1383
1383 529 538
1383 538 1384
1384 538 544
1384 544 1385
1385 544 553
1385 553 1386
1386 553 562
1386 562 1387
1387 562 570
1387 570 1388
1388 570 579
1388 579 1389
1389 579 588
1389 588 594
1389 594 1390
1390 594 602
1390 602 1391
1391 602 612
1391 612 1392
1392 612 1393
1393 612 617
1393 617 625
1393 625 1394
1394 625 633
1394 633 1395
1395 633 638
1395 638 1396
1396 638 644
1396 644 1397
1397 644 1398
1398 644 653
1398 653 1399
1399 653 658
1399 658 669
1399 669 1400
1400 669 1401
1401 669 672
1401 672 1402
1402 672 682
1402 682 1403
1403 682 693
1403 693 1404
1404 693 703
1404 703 1405
1405 703 711
1405 711 1406
1406 711 721
1406 721 1407
1407 721 733
1407 733 1408
1408 733 744
1408 744 1409
1409 744 752
1409 752 1410
1410 752 764
1410 764 1411
1411 764 774
1411 774 1412
1412 774 781
1412 781 1413
1413 781 793
1413 793 1414
1414 793 798
1414 798 1415
1415 798 812
1415 812 1416
1416 812 817
1416 817 1417
1417 817 820
1417 820 1418
1418 820 825
1418 825 1419
1419 825 837
1419 837 1420
1420 837 844
1420 844 1421
1421 844 859
1421 859 1422
1422 859 868
1422 868 1423
1423 868 874
1423 874 1424
1424 874 884
1424 884 1425
1425 884 896
1425 896 1426
1426 896 904
1426 904 1427
1427 904 914
1427 914 1428
1428 914 924
1428 924 1429
1429 924 934
1429 934 1430
1430 934 942
1430 942 1431
1431 942 950
1431 950 1432
1432 950 962
1432 962 1433
1433 962 971
1433 971 978
1433 978 1434
1434 978 1435
1435 978 991
1435 991 1436
1436 991 997
1436 997 1437
1437 997 1007
1437 1007 1438
1438 1007 1018
1438 1018 1439
1439 1018 1030
1439 1030 1440
1440 1030 1038
1440 1038 1441
1441 1038 1049
1441 1049 1442
1442 1049 1059
1442 1059 1443
1443 1059 1070
1443 1070 1444
1444 1070 1077
1444 1077 1445
1445 1077 1090
1445 1090 1446
1446 1090 1100
1446 1100 1447
1447 1100 1110
1447 1110 1448
1448 1110 1121
1448 1121 1129
1448 1129 1449
1449 1129 1137
1449 1137 1450
1450 1137 1145
1450 1145 1451
1451 1145 1151
1451 1151 1452
1452 1151 1154
1452 1154 1453
1453 1154 1156
1453 1156 1454
1454 1156 1157
1454 1157 1455
1455 1157 1155
1455 1155 1456
1456 1155 1159
1456 1159 1457
1457 1159 1458
1458 1159 1177
1458 1177 1459
