12
511
355
186
468
115
209
711
313
282
707
8577
102
103
48
737
476
8580
9
767
220509
381
739
6437
1127487
798
156
272
458
646
78
200
215
689
49779
365
148
290
407
366
661
640
37
5
6116
6382
136
73756
438
700
8
8576
4686
745
305
740
811
137
7378
38
771
375
408
263
697
197
218
427
28
781
18
672
29
360
292
358
367
281
6815
21
671
39
206
506
301
66
406
302
10
817
253
189
1303
712
1
178
451
63
512
635
32675
11
179
411
163
119
716
346
439
318
106
713
295
813
53
778
2701
377
28109
673
240
391
4219
202
219
69
383
62
233
4682
493
10173
331
496
65
61
429
655
4409
316
327
412
688
22723650
193
221
78415
71
3192
4380
3483
72
465
410
17
667
191
237
140
3703
3461
307
3256
266
7400
67
2
248
3442
50
786
171
637
201
370
473
110
746
82
376
228
513
36445
782
127
95
55
350
1687
8579
2260
2227
296
717
298
288
2757
16
158
246
212
26390
683
777
790
446
138
801
258
165
75806
470
691
401
808
483
753
748
91
96
6351
796
97
742
7495
803
312
68131
818
211
4886
775
345
402
182
810
471
789
162
181
76
636
71229
762
100
343
455
44297
336
58
39255
133
677
26
670
353
195
167
8395
113
633
326
268
249
1345
787
3
7614216
81475
766
98
153
77289
231
416
802
176
433
486
731
146
275
160
397
685
157
44715389
503
770
40890
763
63660
335
696
70
417
691443456
18187
3489
718
372
812
485
436
257
469
755
50768
79
492
807
505
491
681
4510
270
791
33
678
252758
70385
77
457
379
85
309
809
695
413
14706
338581
1631
783
203
721
2267
371
642
46271
773
121
698
333
800
428
46657
142
317
166
46
15
668
3719657
35
797
4156
198
89
239
663
349
490
386
7245
780
743
129
348
143
665
81
638
302235705
500
662
639
467
80692
769
715
190
729
3677339
172
8419
306
285
5368
795
479
311
2180
702
772
236
42
648
193291
728
17440
821
118
726
3887
68
7280
308
688
108
482
126
478
674235
3792
43
286
139
805
151
477
177
497
226
8819
508
669
217
651
1398
421
72481
498
27
291277
319
676
788
472
88578
443
242
426
507
111
727
185
451
80
105
749
93
3207
751
310
776
293
4524453
4760
92
710
816
361
37973
329
631
90
149
6
717
31150
251
666
275
693
262
273
1488
210
36
396
708
431
449
250
300
340
7188
160
265
765
736
2135
750
7117
405
357
480
276
64735
460
65680
40690
733
261
709
140
21418
649
392
170
342
287
7793
356
435
107
